0 0.0132221 -0.0397385 -0.204045 -0.225828 0.141831 0.62844 0.598517 -0.131606 -0.888833 -0.839072 0.00431739 0.763273 0.720415 0.0894957 -0.379844 -0.330863 -0.0567132 0.0630546 0.0241953 0 
0 0.0123409 -0.0279515 -0.187926 -0.240016 0.0903269 0.593118 0.637115 -0.0411755 -0.839853 -0.888972 -0.0935343 0.718107 0.761986 0.157268 -0.356338 -0.353877 -0.0809638 0.0610695 0.029522 0.000122666 
0 0.0109442 -0.0176845 -0.170814 -0.249897 0.0410024 0.55287 0.667622 0.0477644 -0.782614 -0.929508 -0.191277 0.664357 0.79647 0.226298 -0.326995 -0.374065 -0.106917 0.0571372 0.0350687 0.000573553 
0 0.00920994 -0.00897131 -0.153099 -0.255639 -0.00561139 0.5084 0.689921 0.134211 -0.71786 -0.960229 -0.287782 0.602505 0.823251 0.295758 -0.2919 -0.390916 -0.134274 0.0510889 0.0406636 0.00146377 
0 0.00730948 -0.00180589 -0.135154 -0.257469 -0.049048 0.460446 0.704005 0.21721 -0.646422 -0.980806 -0.381925 0.533143 0.841797 0.364788 -0.251222 -0.403944 -0.162685 0.0427882 0.0461123 0.0028836 
0 0.00540225 0.00385495 -0.117325 -0.255657 -0.08891 0.409765 0.709975 0.295872 -0.569204 -0.991034 -0.47261 0.456966 0.851674 0.432504 -0.205223 -0.412695 -0.191758 0.0321362 0.051201 0.0048989 
0 0.00363142 0.00808814 -0.0999284 -0.25052 -0.124872 0.35712 0.708031 0.369377 -0.487172 -0.990839 -0.558772 0.374766 0.852548 0.498012 -0.154251 -0.416758 -0.22106 0.019076 0.0557016 0.00754822 
0 0.00211991 0.0110003 -0.0832475 -0.242406 -0.156684 0.303273 0.698475 0.436989 -0.401341 -0.980277 -0.639404 0.287419 0.844195 0.56042 -0.0987393 -0.415773 -0.250125 0.00359667 0.0593766 0.0108405 
0 0.000966969 0.012723 -0.0675266 -0.231691 -0.184169 0.248968 0.681697 0.498065 -0.312756 -0.95953 -0.713561 0.195877 0.826505 0.618849 -0.0392037 -0.409437 -0.278459 -0.0142634 0.0619849 0.0147537 
0 0.000245487 0.0134081 -0.0529697 -0.218769 -0.207227 0.194925 0.658169 0.552055 -0.222487 -0.928906 -0.780376 0.101155 0.799489 0.672451 0.0237626 -0.397515 -0.305547 -0.0344143 0.0632878 0.0192338 
0 3.04131e-034 0.0132221 -0.0397385 -0.204045 -0.225828 0.141831 0.62844 0.598517 -0.131606 -0.888833 -0.839072 0.00431739 0.763273 0.720415 0.0894957 -0.379844 -0.330863 -0.0567132 0.0630546 0.0241953 
0 0 0.0123409 -0.0279515 -0.187926 -0.240016 0.0903269 0.593118 0.637115 -0.0411755 -0.839853 -0.888972 -0.0935343 0.718107 0.761986 0.157268 -0.356338 -0.353877 -0.0809638 0.0610695 0.029522 
0 0 0.0109442 -0.0176845 -0.170814 -0.249897 0.0410024 0.55287 0.667622 0.0477644 -0.782614 -0.929508 -0.191277 0.664357 0.79647 0.226298 -0.326995 -0.374065 -0.106917 0.0571372 0.0350687 
0 0 0.00920994 -0.00897131 -0.153099 -0.255639 -0.00561139 0.5084 0.689921 0.134211 -0.71786 -0.960229 -0.287782 0.602505 0.823251 0.295758 -0.2919 -0.390916 -0.134274 0.0510889 0.0406636 
0 0 0.00730948 -0.00180589 -0.135154 -0.257469 -0.049048 0.460446 0.704005 0.21721 -0.646422 -0.980806 -0.381925 0.533143 0.841797 0.364788 -0.251222 -0.403944 -0.162685 0.0427882 0.0461123 
0 0 0.00540225 0.00385495 -0.117325 -0.255657 -0.08891 0.409765 0.709975 0.295872 -0.569204 -0.991034 -0.47261 0.456966 0.851674 0.432504 -0.205223 -0.412695 -0.191758 0.0321362 0.051201 
-0 0 0.00363142 0.00808814 -0.0999284 -0.25052 -0.124872 0.35712 0.708031 0.369377 -0.487172 -0.990839 -0.558772 0.374766 0.852548 0.498012 -0.154251 -0.416758 -0.22106 0.019076 0.0557016 
-0 0 0.00211991 0.0110003 -0.0832475 -0.242406 -0.156684 0.303273 0.698475 0.436989 -0.401341 -0.980277 -0.639404 0.287419 0.844195 0.56042 -0.0987393 -0.415773 -0.250125 0.00359667 0.0593766 
-0 0 0.000966969 0.012723 -0.0675266 -0.231691 -0.184169 0.248968 0.681697 0.498065 -0.312756 -0.95953 -0.713561 0.195877 0.826505 0.618849 -0.0392037 -0.409437 -0.278459 -0.0142634 0.0619849 
-0 0 0.000245487 0.0134081 -0.0529697 -0.218769 -0.207227 0.194925 0.658169 0.552055 -0.222487 -0.928906 -0.780376 0.101155 0.799489 0.672451 0.0237626 -0.397515 -0.305547 -0.0344143 0.0632878 
-0 0 0 0.0132221 -0.0397385 -0.204045 -0.225828 0.141831 0.62844 0.598517 -0.131606 -0.888833 -0.839072 0.00431739 0.763273 0.720415 0.0894957 -0.379844 -0.330863 -0.0567132 0.0630546 
-0 0 0 0.0123409 -0.0279515 -0.187926 -0.240016 0.0903269 0.593118 0.637115 -0.0411755 -0.839853 -0.888972 -0.0935343 0.718107 0.761986 0.157268 -0.356338 -0.353877 -0.0809638 0.0610695 
-0 0 0 0.0109442 -0.0176845 -0.170814 -0.249897 0.0410024 0.55287 0.667622 0.0477644 -0.782614 -0.929508 -0.191277 0.664357 0.79647 0.226298 -0.326995 -0.374065 -0.106917 0.0571372 
-0 0 0 0.00920994 -0.00897131 -0.153099 -0.255639 -0.00561139 0.5084 0.689921 0.134211 -0.71786 -0.960229 -0.287782 0.602505 0.823251 0.295758 -0.2919 -0.390916 -0.134274 0.0510889 
-0 0 0 0.00730948 -0.00180589 -0.135154 -0.257469 -0.049048 0.460446 0.704005 0.21721 -0.646422 -0.980806 -0.381925 0.533143 0.841797 0.364788 -0.251222 -0.403944 -0.162685 0.0427882 
-0 0 0 0.00540225 0.00385495 -0.117325 -0.255657 -0.08891 0.409765 0.709975 0.295872 -0.569204 -0.991034 -0.47261 0.456966 0.851674 0.432504 -0.205223 -0.412695 -0.191758 0.0321362 
-0 -0 0 0.00363142 0.00808814 -0.0999284 -0.25052 -0.124872 0.35712 0.708031 0.369377 -0.487172 -0.990839 -0.558772 0.374766 0.852548 0.498012 -0.154251 -0.416758 -0.22106 0.019076 
-0 -0 0 0.00211991 0.0110003 -0.0832475 -0.242406 -0.156684 0.303273 0.698475 0.436989 -0.401341 -0.980277 -0.639404 0.287419 0.844195 0.56042 -0.0987393 -0.415773 -0.250125 0.00359667 
-0 -0 0 0.000966969 0.012723 -0.0675266 -0.231691 -0.184169 0.248968 0.681697 0.498065 -0.312756 -0.95953 -0.713561 0.195877 0.826505 0.618849 -0.0392037 -0.409437 -0.278459 -0.0142634 
-0 -0 0 0.000245487 0.0134081 -0.0529697 -0.218769 -0.207227 0.194925 0.658169 0.552055 -0.222487 -0.928906 -0.780376 0.101155 0.799489 0.672451 0.0237626 -0.397515 -0.305547 -0.0344143 
-0 -0 0 0 0.0132221 -0.0397385 -0.204045 -0.225828 0.141831 0.62844 0.598517 -0.131606 -0.888833 -0.839072 0.00431739 0.763273 0.720415 0.0894957 -0.379844 -0.330863 -0.0567132 
-0 -0 0 0 0.0123409 -0.0279515 -0.187926 -0.240016 0.0903269 0.593118 0.637115 -0.0411755 -0.839853 -0.888972 -0.0935343 0.718107 0.761986 0.157268 -0.356338 -0.353877 -0.0809638 
-0 -0 0 0 0.0109442 -0.0176845 -0.170814 -0.249897 0.0410024 0.55287 0.667622 0.0477644 -0.782614 -0.929508 -0.191277 0.664357 0.79647 0.226298 -0.326995 -0.374065 -0.106917 
-0 -0 0 0 0.00920994 -0.00897131 -0.153099 -0.255639 -0.00561139 0.5084 0.689921 0.134211 -0.71786 -0.960229 -0.287782 0.602505 0.823251 0.295758 -0.2919 -0.390916 -0.134274 
-0 -0 0 0 0.00730948 -0.00180589 -0.135154 -0.257469 -0.049048 0.460446 0.704005 0.21721 -0.646422 -0.980806 -0.381925 0.533143 0.841797 0.364788 -0.251222 -0.403944 -0.162685 
-0 -0 0 0 0.00540225 0.00385495 -0.117325 -0.255657 -0.08891 0.409765 0.709975 0.295872 -0.569204 -0.991034 -0.47261 0.456966 0.851674 0.432504 -0.205223 -0.412695 -0.191758 
-0 -0 -0 0 0.00363142 0.00808814 -0.0999284 -0.25052 -0.124872 0.35712 0.708031 0.369377 -0.487172 -0.990839 -0.558772 0.374766 0.852548 0.498012 -0.154251 -0.416758 -0.22106 
-0 -0 -0 0 0.00211991 0.0110003 -0.0832475 -0.242406 -0.156684 0.303273 0.698475 0.436989 -0.401341 -0.980277 -0.639404 0.287419 0.844195 0.56042 -0.0987393 -0.415773 -0.250125 
-0 -0 -0 0 0.000966969 0.012723 -0.0675266 -0.231691 -0.184169 0.248968 0.681697 0.498065 -0.312756 -0.95953 -0.713561 0.195877 0.826505 0.618849 -0.0392037 -0.409437 -0.278459 
-0 -0 -0 0 0.000245487 0.0134081 -0.0529697 -0.218769 -0.207227 0.194925 0.658169 0.552055 -0.222487 -0.928906 -0.780376 0.101155 0.799489 0.672451 0.0237626 -0.397515 -0.305547 
-0 -0 -0 0 0 0.0132221 -0.0397385 -0.204045 -0.225828 0.141831 0.62844 0.598517 -0.131606 -0.888833 -0.839072 0.00431739 0.763273 0.720415 0.0894957 -0.379844 -0.330863 
-0 -0 -0 0 0 0.0123409 -0.0279515 -0.187926 -0.240016 0.0903269 0.593118 0.637115 -0.0411755 -0.839853 -0.888972 -0.0935343 0.718107 0.761986 0.157268 -0.356338 -0.353877 
-0 -0 -0 0 0 0.0109442 -0.0176845 -0.170814 -0.249897 0.0410024 0.55287 0.667622 0.0477644 -0.782614 -0.929508 -0.191277 0.664357 0.79647 0.226298 -0.326995 -0.374065 
-0 -0 -0 0 0 0.00920994 -0.00897131 -0.153099 -0.255639 -0.00561139 0.5084 0.689921 0.134211 -0.71786 -0.960229 -0.287782 0.602505 0.823251 0.295758 -0.2919 -0.390916 
-0 -0 -0 0 0 0.00730948 -0.00180589 -0.135154 -0.257469 -0.049048 0.460446 0.704005 0.21721 -0.646422 -0.980806 -0.381925 0.533143 0.841797 0.364788 -0.251222 -0.403944 
-0 -0 -0 0 0 0.00540225 0.00385495 -0.117325 -0.255657 -0.08891 0.409765 0.709975 0.295872 -0.569204 -0.991034 -0.47261 0.456966 0.851674 0.432504 -0.205223 -0.412695 
-0 -0 -0 -0 0 0.00363142 0.00808814 -0.0999284 -0.25052 -0.124872 0.35712 0.708031 0.369377 -0.487172 -0.990839 -0.558772 0.374766 0.852548 0.498012 -0.154251 -0.416758 
-0 -0 -0 -0 0 0.00211991 0.0110003 -0.0832475 -0.242406 -0.156684 0.303273 0.698475 0.436989 -0.401341 -0.980277 -0.639404 0.287419 0.844195 0.56042 -0.0987393 -0.415773 
0 -0 -0 -0 0 0.000966969 0.012723 -0.0675266 -0.231691 -0.184169 0.248968 0.681697 0.498065 -0.312756 -0.95953 -0.713561 0.195877 0.826505 0.618849 -0.0392037 -0.409437 
0 -0 -0 -0 0 0.000245487 0.0134081 -0.0529697 -0.218769 -0.207227 0.194925 0.658169 0.552055 -0.222487 -0.928906 -0.780376 0.101155 0.799489 0.672451 0.0237626 -0.397515 
0 -0 -0 -0 0 7.78575e-032 0.0132221 -0.0397385 -0.204045 -0.225828 0.141831 0.62844 0.598517 -0.131606 -0.888833 -0.839072 0.00431739 0.763273 0.720415 0.0894957 -0.379844 
0 -0 -0 -0 0 0 0.0123409 -0.0279515 -0.187926 -0.240016 0.0903269 0.593118 0.637115 -0.0411755 -0.839853 -0.888972 -0.0935343 0.718107 0.761986 0.157268 -0.356338 
0 -0 -0 -0 0 0 0.0109442 -0.0176845 -0.170814 -0.249897 0.0410024 0.55287 0.667622 0.0477644 -0.782614 -0.929508 -0.191277 0.664357 0.79647 0.226298 -0.326995 
0 -0 -0 -0 0 0 0.00920994 -0.00897131 -0.153099 -0.255639 -0.00561139 0.5084 0.689921 0.134211 -0.71786 -0.960229 -0.287782 0.602505 0.823251 0.295758 -0.2919 
0 -0 -0 -0 0 0 0.00730948 -0.00180589 -0.135154 -0.257469 -0.049048 0.460446 0.704005 0.21721 -0.646422 -0.980806 -0.381925 0.533143 0.841797 0.364788 -0.251222 
0 -0 -0 -0 0 0 0.00540225 0.00385495 -0.117325 -0.255657 -0.08891 0.409765 0.709975 0.295872 -0.569204 -0.991034 -0.47261 0.456966 0.851674 0.432504 -0.205223 
0 -0 -0 -0 -0 0 0.00363142 0.00808814 -0.0999284 -0.25052 -0.124872 0.35712 0.708031 0.369377 -0.487172 -0.990839 -0.558772 0.374766 0.852548 0.498012 -0.154251 
0 -0 -0 -0 -0 0 0.00211991 0.0110003 -0.0832475 -0.242406 -0.156684 0.303273 0.698475 0.436989 -0.401341 -0.980277 -0.639404 0.287419 0.844195 0.56042 -0.0987393 
0 0 -0 -0 -0 0 0.000966969 0.012723 -0.0675266 -0.231691 -0.184169 0.248968 0.681697 0.498065 -0.312756 -0.95953 -0.713561 0.195877 0.826505 0.618849 -0.0392037 
0 0 -0 -0 -0 0 0.000245487 0.0134081 -0.0529697 -0.218769 -0.207227 0.194925 0.658169 0.552055 -0.222487 -0.928906 -0.780376 0.101155 0.799489 0.672451 0.0237626 
0 0 -0 -0 -0 0 7.00717e-031 0.0132221 -0.0397385 -0.204045 -0.225828 0.141831 0.62844 0.598517 -0.131606 -0.888833 -0.839072 0.00431739 0.763273 0.720415 0.0894957 
0 0 -0 -0 -0 0 0 0.0123409 -0.0279515 -0.187926 -0.240016 0.0903269 0.593118 0.637115 -0.0411755 -0.839853 -0.888972 -0.0935343 0.718107 0.761986 0.157268 
0 0 -0 -0 -0 0 0 0.0109442 -0.0176845 -0.170814 -0.249897 0.0410024 0.55287 0.667622 0.0477644 -0.782614 -0.929508 -0.191277 0.664357 0.79647 0.226298 
0 0 -0 -0 -0 0 0 0.00920994 -0.00897131 -0.153099 -0.255639 -0.00561139 0.5084 0.689921 0.134211 -0.71786 -0.960229 -0.287782 0.602505 0.823251 0.295758 
0 0 -0 -0 -0 0 0 0.00730948 -0.00180589 -0.135154 -0.257469 -0.049048 0.460446 0.704005 0.21721 -0.646422 -0.980806 -0.381925 0.533143 0.841797 0.364788 
0 0 -0 -0 -0 0 0 0.00540225 0.00385495 -0.117325 -0.255657 -0.08891 0.409765 0.709975 0.295872 -0.569204 -0.991034 -0.47261 0.456966 0.851674 0.432504 
0 0 -0 -0 -0 -0 0 0.00363142 0.00808814 -0.0999284 -0.25052 -0.124872 0.35712 0.708031 0.369377 -0.487172 -0.990839 -0.558772 0.374766 0.852548 0.498012 
0 0 -0 -0 -0 -0 0 0.00211991 0.0110003 -0.0832475 -0.242406 -0.156684 0.303273 0.698475 0.436989 -0.401341 -0.980277 -0.639404 0.287419 0.844195 0.56042 
0 0 0 -0 -0 -0 0 0.000966969 0.012723 -0.0675266 -0.231691 -0.184169 0.248968 0.681697 0.498065 -0.312756 -0.95953 -0.713561 0.195877 0.826505 0.618849 
0 0 0 -0 -0 -0 0 0.000245487 0.0134081 -0.0529697 -0.218769 -0.207227 0.194925 0.658169 0.552055 -0.222487 -0.928906 -0.780376 0.101155 0.799489 0.672451 
0 0 0 -0 -0 -0 0 1.94644e-030 0.0132221 -0.0397385 -0.204045 -0.225828 0.141831 0.62844 0.598517 -0.131606 -0.888833 -0.839072 0.00431739 0.763273 0.720415 
0 0 0 -0 -0 -0 0 0 0.0123409 -0.0279515 -0.187926 -0.240016 0.0903269 0.593118 0.637115 -0.0411755 -0.839853 -0.888972 -0.0935343 0.718107 0.761986 
0 0 0 -0 -0 -0 0 0 0.0109442 -0.0176845 -0.170814 -0.249897 0.0410024 0.55287 0.667622 0.0477644 -0.782614 -0.929508 -0.191277 0.664357 0.79647 
0 0 0 -0 -0 -0 0 0 0.00920994 -0.00897131 -0.153099 -0.255639 -0.00561139 0.5084 0.689921 0.134211 -0.71786 -0.960229 -0.287782 0.602505 0.823251 
0 0 0 -0 -0 -0 0 0 0.00730948 -0.00180589 -0.135154 -0.257469 -0.049048 0.460446 0.704005 0.21721 -0.646422 -0.980806 -0.381925 0.533143 0.841797 
0 0 0 -0 -0 -0 0 0 0.00540225 0.00385495 -0.117325 -0.255657 -0.08891 0.409765 0.709975 0.295872 -0.569204 -0.991034 -0.47261 0.456966 0.851674 
0 0 0 -0 -0 -0 -0 0 0.00363142 0.00808814 -0.0999284 -0.25052 -0.124872 0.35712 0.708031 0.369377 -0.487172 -0.990839 -0.558772 0.374766 0.852548 
0 0 0 -0 -0 -0 -0 0 0.00211991 0.0110003 -0.0832475 -0.242406 -0.156684 0.303273 0.698475 0.436989 -0.401341 -0.980277 -0.639404 0.287419 0.844195 
0 0 0 0 -0 -0 -0 0 0.000966969 0.012723 -0.0675266 -0.231691 -0.184169 0.248968 0.681697 0.498065 -0.312756 -0.95953 -0.713561 0.195877 0.826505 
-0 0 0 0 -0 -0 -0 0 0.000245487 0.0134081 -0.0529697 -0.218769 -0.207227 0.194925 0.658169 0.552055 -0.222487 -0.928906 -0.780376 0.101155 0.799489 
-0 0 0 0 -0 -0 -0 0 3.81502e-030 0.0132221 -0.0397385 -0.204045 -0.225828 0.141831 0.62844 0.598517 -0.131606 -0.888833 -0.839072 0.00431739 0.763273 
-0 0 0 0 -0 -0 -0 0 0 0.0123409 -0.0279515 -0.187926 -0.240016 0.0903269 0.593118 0.637115 -0.0411755 -0.839853 -0.888972 -0.0935343 0.718107 
-0 0 0 0 -0 -0 -0 0 0 0.0109442 -0.0176845 -0.170814 -0.249897 0.0410024 0.55287 0.667622 0.0477644 -0.782614 -0.929508 -0.191277 0.664357 
-0 0 0 0 -0 -0 -0 0 0 0.00920994 -0.00897131 -0.153099 -0.255639 -0.00561139 0.5084 0.689921 0.134211 -0.71786 -0.960229 -0.287782 0.602505 
-0 0 0 0 -0 -0 -0 0 0 0.00730948 -0.00180589 -0.135154 -0.257469 -0.049048 0.460446 0.704005 0.21721 -0.646422 -0.980806 -0.381925 0.533143 
-0 0 0 0 -0 -0 -0 0 0 0.00540225 0.00385495 -0.117325 -0.255657 -0.08891 0.409765 0.709975 0.295872 -0.569204 -0.991034 -0.47261 0.456966 
-0 0 0 0 -0 -0 -0 -0 0 0.00363142 0.00808814 -0.0999284 -0.25052 -0.124872 0.35712 0.708031 0.369377 -0.487172 -0.990839 -0.558772 0.374766 
-0 0 0 0 -0 -0 -0 -0 0 0.00211991 0.0110003 -0.0832475 -0.242406 -0.156684 0.303273 0.698475 0.436989 -0.401341 -0.980277 -0.639404 0.287419 
-0 0 0 0 0 -0 -0 -0 0 0.000966969 0.012723 -0.0675266 -0.231691 -0.184169 0.248968 0.681697 0.498065 -0.312756 -0.95953 -0.713561 0.195877 
-0 -0 0 0 0 -0 -0 -0 0 0.000245487 0.0134081 -0.0529697 -0.218769 -0.207227 0.194925 0.658169 0.552055 -0.222487 -0.928906 -0.780376 0.101155 
-0 -0 0 0 0 -0 -0 -0 0 6.30645e-030 0.0132221 -0.0397385 -0.204045 -0.225828 0.141831 0.62844 0.598517 -0.131606 -0.888833 -0.839072 0.00431739 
-0 -0 0 0 0 -0 -0 -0 0 0 0.0123409 -0.0279515 -0.187926 -0.240016 0.0903269 0.593118 0.637115 -0.0411755 -0.839853 -0.888972 -0.0935343 
-0 -0 0 0 0 -0 -0 -0 0 0 0.0109442 -0.0176845 -0.170814 -0.249897 0.0410024 0.55287 0.667622 0.0477644 -0.782614 -0.929508 -0.191277 
-0 -0 0 0 0 -0 -0 -0 0 0 0.00920994 -0.00897131 -0.153099 -0.255639 -0.00561139 0.5084 0.689921 0.134211 -0.71786 -0.960229 -0.287782 
-0 -0 0 0 0 -0 -0 -0 0 0 0.00730948 -0.00180589 -0.135154 -0.257469 -0.049048 0.460446 0.704005 0.21721 -0.646422 -0.980806 -0.381925 
-0 -0 0 0 0 -0 -0 -0 0 0 0.00540225 0.00385495 -0.117325 -0.255657 -0.08891 0.409765 0.709975 0.295872 -0.569204 -0.991034 -0.47261 
-0 -0 0 0 0 -0 -0 -0 -0 0 0.00363142 0.00808814 -0.0999284 -0.25052 -0.124872 0.35712 0.708031 0.369377 -0.487172 -0.990839 -0.558772 
-0 -0 0 0 0 -0 -0 -0 -0 0 0.00211991 0.0110003 -0.0832475 -0.242406 -0.156684 0.303273 0.698475 0.436989 -0.401341 -0.980277 -0.639404 
-0 -0 0 0 0 0 -0 -0 -0 0 0.000966969 0.012723 -0.0675266 -0.231691 -0.184169 0.248968 0.681697 0.498065 -0.312756 -0.95953 -0.713561 
-0 -0 -0 0 0 0 -0 -0 -0 0 0.000245487 0.0134081 -0.0529697 -0.218769 -0.207227 0.194925 0.658169 0.552055 -0.222487 -0.928906 -0.780376 
-0 -0 -0 0 0 0 -0 -0 -0 0 9.42075e-030 0.0132221 -0.0397385 -0.204045 -0.225828 0.141831 0.62844 0.598517 -0.131606 -0.888833 -0.839072 
