0.00496894 0.0996272 0 
0.0194898 0.197316 0 
0.0424892 0.291349 0 
0.0724205 0.380386 0 
0.107522 0.463514 0 
0.146037 0.540214 0 
0.186361 0.610281 0 
0.227111 0.673733 0 
0.267146 0.730729 0 
0.305548 0.781505 0 
0.341591 0.826331 0 
0.374714 0.865482 0 
0.404483 0.899216 0 
0.43057 0.927769 0 
0.452725 0.951346 0 
0.470763 0.970119 0 
0.48455 0.984226 0 
0.493991 0.993771 0 
0.499027 0.998825 0 
0.499627 0.999426 0 
0.495788 0.995577 0 
0.487532 0.987251 0 
0.474911 0.974385 0 
0.45801 0.956885 0 
0.436951 0.934621 0 
0.411905 0.907431 0 
0.383102 0.875119 0 
0.350847 0.837456 0 
0.315543 0.79419 0 
0.277715 0.745048 0 
0.23804 0.689758 0 
0.197379 0.62807 0 
0.156814 0.559799 0 
0.117661 0.484882 0 
0.0814685 0.403455 0 
0.0499636 0.315941 0 
0.0249255 0.223143 0 
0.00798394 0.126287 0 
0.000364893 0.0269976 0 
0.00265506 -0.0728251 0 
0.0146757 -0.171219 0 
0.0355219 -0.26639 0 
0.0637497 -0.356885 0 
0.097631 -0.441676 0 
0.13539 -0.520143 0 
0.175372 -0.592008 0 
0.21613 -0.657236 0 
0.256457 -0.715955 0 
0.295379 -0.768385 0 
0.332121 -0.814792 0 
0.36608 -0.855449 0 
0.396792 -0.890623 0 
0.423901 -0.920554 0 
0.447139 -0.945457 0 
0.466304 -0.965513 0 
0.48125 -0.980868 0 
0.491873 -0.991638 0 
0.498103 -0.9979 0 
0.499903 -0.999702 0 
0.497262 -0.997057 0 
0.490195 -0.989945 0 
0.478747 -0.978313 0 
0.462992 -0.962076 0 
0.443042 -0.941114 0 
0.419053 -0.915273 0 
0.391238 -0.884366 0 
0.35988 -0.848172 0 
0.325354 -0.806446 0 
0.288148 -0.758919 0 
0.248895 -0.705316 0 
0.208404 -0.645378 0 
0.167693 -0.578898 0 
0.128015 -0.505773 0 
0.0908582 -0.426076 0 
0.0579107 -0.340145 0 
0.0309543 -0.248672 0 
0.011683 -0.152767 0 
0.00145744 -0.0539558 0 
0.00105554 0.0459177 0 
0.0105087 0.144886 0 
0.0290949 0.241087 0 
0.0554918 0.332964 0 
0.0880225 0.419373 0 
0.124905 0.49959 0 
0.164438 0.57325 0 
0.205115 0.640264 0 
0.245664 0.700722 0 
0.28505 0.754826 0 
0.322447 0.802833 0 
0.357209 0.845017 0 
0.388837 0.881647 0 
0.416949 0.912972 0 
0.441255 0.939214 0 
0.461537 0.960563 0 
0.477635 0.977176 0 
0.489434 0.989175 0 
0.496856 0.996649 0 
0.499855 0.999653 0 
0.498413 0.99821 0 
0.492538 0.992309 0 
0.482268 0.981905 0 
0.467667 0.966923 0 
0.448837 0.947251 0 
0.425921 0.922745 0 
0.399115 0.893227 0 
0.368682 0.858485 0 
0.334968 0.818279 0 
0.298431 0.772346 0 
0.259659 0.720411 0 
0.219411 0.662208 0 
0.178646 0.597512 0 
0.138552 0.526183 0 
0.100555 0.448241 0 
0.0662955 0.363942 0 
0.0375459 0.273875 0 
0.0160456 0.179033 0 
0.00327128 0.0808358 0 
0.000179656 -0.0189436 0 
0.00701179 -0.118348 0 
0.02324 -0.215466 0 
0.0476821 -0.308642 0 
0.0787311 -0.396617 0 
0.114611 -0.478556 0 
0.153586 -0.554006 0 
0.19409 -0.622812 0 
0.234785 -0.685025 0 
0.274575 -0.740822 0 
0.312579 -0.79045 0 
0.348108 -0.834179 0 
0.380625 -0.872284 0 
0.409719 -0.905019 0 
0.435077 -0.932614 0 
0.456465 -0.955269 0 
0.473706 -0.973148 0 
0.486675 -0.986383 0 
0.495285 -0.995072 0 
0.499482 -0.999281 0 
0.49924 -0.999038 0 
0.494561 -0.994344 0 
0.485473 -0.985163 0 
0.472033 -0.971428 0 
0.454334 -0.953036 0 
0.432504 -0.929852 0 
0.406727 -0.901707 0 
0.377243 -0.868399 0 
0.344376 -0.829694 0 
0.308549 -0.785335 0 
0.270314 -0.735049 0 
0.230379 -0.678564 0 
0.189647 -0.61564 0 
0.14924 -0.546109 0 
0.110523 -0.46994 0 
0.0750826 -0.387316 0 
0.044668 -0.298727 0 
0.021048 -0.205052 0 
0.00579595 -0.107599 0 
3.25071e-005 -0.00805807 0 
0.00420439 0.0916425 0 
0.017987 0.189555 0 
0.0403555 0.283938 0 
0.069792 0.373418 0 
0.104543 0.457047 0 
0.142845 0.534276 0 
0.183077 0.604879 0 
0.223839 0.66886 0 
0.263969 0.726368 0 
0.302531 0.777636 0 
0.338787 0.822931 0 
0.372163 0.86253 0 
0.402216 0.896691 0 
0.42861 0.925654 0 
0.451089 0.949626 0 
0.469465 0.96878 0 
0.483598 0.983259 0 
0.493392 0.993169 0 
0.498785 0.998583 0 
0.499743 0.999542 0 
0.496261 0.996053 0 
0.48836 0.988089 0 
0.476088 0.975593 0 
0.459529 0.95847 0 
0.4388 0.936596 0 
0.414067 0.90981 0 
0.385557 0.877919 0 
0.353566 0.840697 0 
0.318491 0.797892 0 
0.280843 0.749234 0 
0.241288 0.694449 0 
0.20067 0.633285 0 
0.160051 0.56555 0 
0.120729 0.491167 0 
0.0842362 0.410252 0 
0.0522871 0.323205 0 
0.0266638 0.230794 0 
0.00901703 0.134209 0 
0.000614953 0.035048 0 
0.00210247 -0.064805 0 
0.0133634 -0.163384 0 
0.033546 -0.258874 0 
0.0612407 -0.34979 0 
0.0947327 -0.435069 0 
0.132243 -0.51406 0 
0.172102 -0.586461 0 
0.212845 -0.652221 0 
0.253247 -0.711458 0 
0.292313 -0.764386 0 
0.329255 -0.811268 0 
0.363457 -0.852378 0 
0.394445 -0.887984 0 
0.421856 -0.91833 0 
0.445414 -0.943631 0 
0.464914 -0.964072 0 
0.480204 -0.979802 0 
0.491178 -0.990937 0 
0.497765 -0.997561 0 
0.499923 -0.999721 0 
0.497639 -0.997435 0 
0.490928 -0.990684 0 
0.47983 -0.97942 0 
0.464419 -0.963559 0 
0.444802 -0.942983 0 
0.421132 -0.917541 0 
0.393616 -0.88705 0 
0.362531 -0.851292 0 
0.328244 -0.810021 0 
0.291233 -0.762972 0 
0.252117 -0.709869 0 
0.211691 -0.65045 0 
0.170955 -0.584504 0 
0.131141 -0.511914 0 
0.0937211 -0.432739 0 
0.0603686 -0.34729 0 
0.0328638 -0.256228 0 
0.0129164 -0.160629 0 
0.0019236 -0.0619869 0 
0.000718108 0.0378737 0 
0.00939412 0.136986 0 
0.0272865 0.233473 0 
0.0531128 0.325748 0 
0.0852151 0.41263 0 
0.121811 0.493363 0 
0.16119 0.567558 0 
0.201825 0.635106 0 
0.242426 0.696087 0 
0.281939 0.750694 0 
0.319522 0.799183 0 
0.354517 0.841826 0 
0.386413 0.878894 0 
0.414821 0.910638 0 
0.439442 0.937282 0 
0.460055 0.95902 0 
0.476495 0.976009 0 
0.488644 0.988377 0 
0.496421 0.996213 0 
0.499777 0.999576 0 
0.498693 0.998491 0 
0.493176 0.99295 0 
0.483257 0.982912 0 
0.469002 0.968303 0 
0.450509 0.949014 0 
0.427915 0.924904 0 
0.401414 0.895797 0 
0.371262 0.861485 0 
0.337798 0.821729 0 
0.301468 0.776268 0 
0.26285 0.724827 0 
0.222689 0.667138 0 
0.181925 0.602972 0 
0.141727 0.53218 0 
0.103502 0.454766 0 
0.0688772 0.370962 0 
0.0396172 0.281329 0 
0.0174726 0.186825 0 
0.00395083 0.0888361 0 
5.93405e-005 -0.0108872 0 
0.00610107 -0.110395 0 
0.0216082 -0.207763 0 
0.0454436 -0.30131 0 
0.0760251 -0.38974 0 
0.111582 -0.472187 0 
0.150368 -0.548169 0 
0.190801 -0.617511 0 
0.231525 -0.68025 0 
0.271423 -0.736556 0 
0.309599 -0.786671 0 
0.345349 -0.830866 0 
0.378126 -0.869414 0 
0.407508 -0.902573 0 
0.433178 -0.930575 0 
0.454892 -0.953621 0 
0.472473 -0.97188 0 
0.48579 -0.985486 0 
0.494754 -0.994539 0 
0.499308 -0.999106 0 
0.499424 -0.999223 0 
0.495102 -0.994888 0 
0.486368 -0.986071 0 
0.473276 -0.972706 0 
0.455916 -0.954694 0 
0.434413 -0.931902 0 
0.408946 -0.904164 0 
0.37975 -0.87128 0 
0.347141 -0.83302 0 
0.311535 -0.789127 0 
0.27347 -0.739329 0 
0.233641 -0.683353 0 
0.192935 -0.620956 0 
0.152455 -0.551961 0 
0.113545 -0.476324 0 
0.0777773 -0.394207 0 
0.0468912 -0.306072 0 
0.0226609 -0.212764 0 
0.00668499 -0.115557 0 
0.000130011 -0.0161151 0 
0.00350269 0.0836461 0 
0.0165402 0.181771 0 
0.0382678 0.276496 0 
0.067198 0.366412 0 
0.101587 0.450537 0 
0.139665 0.528294 0 
0.179797 0.599434 0 
0.220562 0.663944 0 
0.26078 0.721966 0 
0.299499 0.773728 0 
0.335964 0.819495 0 
0.36959 0.859542 0 
0.399925 0.894133 0 
0.426624 0.923507 0 
0.449427 0.947874 0 
0.468139 0.967411 0 
0.482618 0.982262 0 
0.492765 0.992537 0 
0.498515 0.998312 0 
0.499831 0.99963 0 
0.496706 0.996499 0 
0.48916 0.988898 0 
0.477238 0.97677 0 
0.46102 0.960025 0 
0.440622 0.938539 0 
0.416205 0.912156 0 
0.387988 0.880684 0 
0.356266 0.843901 0 
0.321422 0.801556 0 
0.283959 0.75338 0 
0.244528 0.699099 0 
0.20396 0.638458 0 
0.163296 0.571256 0 
0.123816 0.497408 0 
0.0870335 0.41701 0 
0.0546519 0.330434 0 
0.0284541 0.238417 0 
0.0101105 0.142114 0 
0.000929708 0.0430939 0 
0.00161381 -0.0567766 0 
0.0121094 -0.155529 0 
0.0316191 -0.251328 0 
0.0587693 -0.342658 0 
0.0918604 -0.42842 0 
0.129111 -0.507935 0 
0.168838 -0.580871 0 
0.209558 -0.647164 0 
0.250027 -0.706919 0 
0.289233 -0.760346 0 
0.326371 -0.807706 0 
0.360813 -0.849272 0 
0.392076 -0.885312 0 
0.419786 -0.916073 0 
0.443663 -0.941774 0 
0.463496 -0.9626 0 
0.47913 -0.978705 0 
0.490456 -0.990208 0 
0.497397 -0.997193 0 
0.499913 -0.999712 0 
0.497988 -0.997784 0 
0.491632 -0.991395 0 
0.480886 -0.980497 0 
0.465819 -0.96501 0 
0.446536 -0.944819 0 
0.423186 -0.919777 0 
0.395971 -0.8897 0 
0.365161 -0.854375 0 
0.331116 -0.813559 0 
0.294304 -0.766985 0 
0.255331 -0.71438 0 
0.214977 -0.65548 0 
0.174223 -0.590065 0 
0.134283 -0.518013 0 
0.0966104 -0.43936 0 
0.0628645 -0.354398 0 
0.0348226 -0.263754 0 
0.0142083 -0.168471 0 
0.00245377 -0.0700101 0 
0.000445316 0.0298247 0 
0.00833976 0.12907 0 
0.0255298 0.225832 0 
0.0507747 0.318496 0 
0.0824369 0.405846 0 
0.118736 0.487094 0 
0.15795 0.561823 0 
0.198535 0.629906 0 
0.239181 0.69141 0 
0.278815 0.746522 0 
0.31658 0.795494 0 
0.351804 0.838598 0 
0.383966 0.876106 0 
0.412667 0.90827 0 
0.437603 0.935318 0 
0.458546 0.957445 0 
0.475328 0.974813 0 
0.487826 0.987549 0 
0.495957 0.995747 0 
0.499671 0.99947 0 
0.498945 0.998744 0 
0.493784 0.993563 0 
0.484219 0.98389 0 
0.47031 0.969652 0 
0.452154 0.950746 0 
0.429885 0.92703 0 
0.40369 0.898333 0 
0.37382 0.864449 0 
0.340608 0.825142 0 
0.30449 0.780151 0 
0.266032 0.729202 0 
0.225963 0.672026 0 
0.185207 0.608389 0 
0.144915 0.538134 0 
0.106473 0.461248 0 
0.0714937 0.377944 0 
0.0417348 0.288751 0 
0.0189558 0.194593 0 
0.00469336 0.096825 0 
4.00782e-006 -0.00282941 0 
0.00525223 -0.102428 0 
0.0200307 -0.200035 0 
0.0432491 -0.293943 0 
0.0733514 -0.382824 0 
0.108573 -0.465775 0 
0.14716 -0.542289 0 
0.187514 -0.612167 0 
0.228259 -0.675434 0 
0.26826 -0.73225 0 
0.306603 -0.782854 0 
0.342571 -0.827516 0 
0.375604 -0.86651 0 
0.405274 -0.900094 0 
0.431252 -0.928504 0 
0.453293 -0.951943 0 
0.471212 -0.970582 0 
0.484877 -0.984559 0 
0.494194 -0.993976 0 
0.499105 -0.998903 0 
0.499579 -0.999378 0 
0.495614 -0.995403 0 
0.487234 -0.986949 0 
0.474491 -0.973954 0 
0.457471 -0.956321 0 
0.436296 -0.93392 0 
0.411141 -0.906588 0 
0.382235 -0.874127 0 
0.349888 -0.83631 0 
0.314505 -0.792881 0 
0.276614 -0.743569 0 
0.236898 -0.688101 0 
0.196224 -0.626229 0 
0.15568 -0.55777 0 
0.116588 -0.482666 0 
0.0805038 -0.401058 0 
0.0491576 -0.313382 0 
0.0243276 -0.22045 0 
0.00763563 -0.123501 0 
0.000292462 -0.02417 0 
0.00286419 0.0756389 0 
0.0151502 0.173965 0 
0.0362271 0.269021 0 
0.0646395 0.359367 0 
0.0986547 0.443986 0 
0.136499 0.522269 0 
0.176521 0.593945 0 
0.217282 0.658987 0 
0.257582 0.717524 0 
0.296452 0.769781 0 
0.333123 0.816021 0 
0.366996 0.856519 0 
0.39761 0.891541 0 
0.424613 0.921327 0 
0.447738 0.946091 0 
0.466786 0.966011 0 
0.481611 0.981236 0 
0.49211 0.991877 0 
0.498215 0.998012 0 
0.499889 0.999688 0 
0.497122 0.996917 0 
0.489931 0.989678 0 
0.47836 0.977917 0 
0.462484 0.961549 0 
0.442417 0.940451 0 
0.418317 0.914469 0 
0.390398 0.883415 0 
0.358945 0.847069 0 
0.324335 0.805182 0 
0.287062 0.757486 0 
0.247762 0.703708 0 
0.207249 0.643587 0 
0.166549 0.57692 0 
0.126921 0.503607 0 
0.0898594 0.423727 0 
0.0570569 0.337628 0 
0.0302957 0.246012 0 
0.0112639 0.150002 0 
0.00130899 0.0511342 0 
0.00118932 -0.0487408 0 
0.0109143 -0.147655 0 
0.029742 -0.243753 0 
0.0563366 -0.33549 0 
0.089015 -0.421732 0 
0.125995 -0.501766 0 
0.16558 -0.575238 0 
0.20627 -0.642064 0 
0.2468 -0.70234 0 
0.286139 -0.756268 0 
0.323469 -0.804106 0 
0.358149 -0.846129 0 
0.389683 -0.882605 0 
0.417691 -0.913784 0 
0.441885 -0.939885 0 
0.462051 -0.961098 0 
0.478029 -0.977579 0 
0.489704 -0.989449 0 
0.497001 -0.996796 0 
0.499875 -0.999674 0 
0.498307 -0.998105 0 
0.492308 -0.992076 0 
0.481914 -0.981545 0 
0.467192 -0.966431 0 
0.448244 -0.946625 0 
0.425215 -0.92198 0 
0.398302 -0.892316 0 
0.36777 -0.857423 0 
0.333971 -0.817059 0 
0.297361 -0.77096 0 
0.258536 -0.718851 0 
0.218259 -0.660467 0 
0.177496 -0.595584 0 
0.13744 -0.524068 0 
0.0995252 -0.445941 0 
0.0653975 -0.361469 0 
0.0368298 -0.27125 0 
0.0155581 -0.176292 0 
0.00304768 -0.0780242 0 
0.000237305 0.0217719 0 
0.00734616 0.121137 0 
0.0238257 0.218164 0 
0.0484783 0.311209 0 
0.0796887 0.399022 0 
0.11568 0.480782 0 
0.154718 0.556045 0 
0.195245 0.624663 0 
0.235929 0.686692 0 
0.275679 0.742311 0 
0.313622 0.791767 0 
0.349072 0.835334 0 
0.381497 0.873283 0 
0.41049 0.90587 0 
0.435738 0.933323 0 
0.45701 0.95584 0 
0.474132 0.973586 0 
0.486979 0.986691 0 
0.495465 0.995253 0 
0.499536 0.999335 0 
0.499169 0.998967 0 
0.494364 0.994146 0 
0.485152 0.984838 0 
0.47159 0.970972 0 
0.453772 0.952446 0 
0.431828 0.929124 0 
0.405942 0.900836 0 
0.376357 0.867378 0 
0.3434 0.828517 0 
0.307497 0.783995 0 
0.269203 0.733537 0 
0.229232 0.676872 0 
0.188493 0.613763 0 
0.148114 0.544044 0 
0.109467 0.467689 0 
0.0741441 0.384887 0 
0.0438979 0.29614 0 
0.0204947 0.202339 0 
0.00549848 0.104802 0 
1.36872e-005 0.00522877 0 
0.0044657 -0.0944475 0 
0.0185083 -0.192283 0 
0.0410995 -0.286544 0 
0.070711 -0.375869 0 
0.105586 -0.459322 0 
0.143964 -0.536366 0 
0.18423 -0.606781 0 
0.224988 -0.670575 0 
0.265086 -0.727904 0 
0.303592 -0.778999 0 
0.339773 -0.824129 0 
0.373061 -0.86357 0 
0.403015 -0.897582 0 
0.429301 -0.926401 0 
0.451667 -0.950233 0 
0.469924 -0.969254 0 
0.483935 -0.983602 0 
0.493606 -0.993384 0 
0.498873 -0.998672 0 
0.499706 -0.999505 0 
0.496098 -0.995889 0 
0.488072 -0.987798 0 
0.475678 -0.975172 0 
0.458999 -0.957917 0 
0.438154 -0.935907 0 
0.413311 -0.908979 0 
0.384697 -0.87694 0 
0.352614 -0.839563 0 
0.317458 -0.796596 0 
0.279746 -0.747769 0 
0.240148 -0.692807 0 
0.199514 -0.631459 0 
0.158914 -0.563535 0 
0.11965 -0.488965 0 
0.083261 -0.40787 0 
0.0514665 -0.320659 0 
0.0260474 -0.22811 0 
0.00864738 -0.131429 0 
0.000519775 -0.0322218 0 
0.00228923 0.067622 0 
0.0138175 0.166138 0 
0.0342343 0.261516 0 
0.0621174 0.352285 0 
0.0957474 0.437393 0 
0.133346 0.516201 0 
0.173249 0.588414 0 
0.213999 0.653987 0 
0.254375 0.713041 0 
0.293391 0.765794 0 
0.330263 0.812509 0 
0.36438 0.853461 0 
0.395272 0.888915 0 
0.422577 0.919115 0 
0.446023 0.944276 0 
0.465405 0.964581 0 
0.480575 0.98018 0 
0.491425 0.991187 0 
0.497887 0.997683 0 
0.499919 0.999718 0 
0.49751 0.997305 0 
0.490674 0.990428 0 
0.479453 0.979035 0 
0.463921 0.963042 0 
0.444187 0.94233 0 
0.420405 0.916749 0 
0.392784 0.886111 0 
0.361603 0.8502 0 
0.327231 0.80877 0 
0.290151 0.761553 0 
0.250987 0.708275 0 
0.210537 0.648674 0 
0.169809 0.58254 0 
0.130042 0.509763 0 
0.0927128 0.430404 0 
0.0595012 0.344785 0 
0.0321877 0.253578 0 
0.0124766 0.15787 0 
0.00175261 0.0591679 0 
0.000829233 -0.0406987 0 
0.00977865 -0.139762 0 
0.0279156 -0.23615 0 
0.0539435 -0.328286 0 
0.0861976 -0.415002 0 
0.122895 -0.495554 0 
0.162329 -0.569562 0 
0.20298 -0.636922 0 
0.243564 -0.697719 0 
0.283033 -0.75215 0 
0.320551 -0.800469 0 
0.355464 -0.84295 0 
0.387267 -0.879864 0 
0.415571 -0.911461 0 
0.440082 -0.937964 0 
0.460579 -0.959565 0 
0.476899 -0.976423 0 
0.488924 -0.98866 0 
0.496577 -0.996369 0 
0.499808 -0.999607 0 
0.498598 -0.998396 0 
0.492955 -0.992728 0 
0.482913 -0.982562 0 
0.468537 -0.967822 0 
0.449925 -0.948399 0 
0.427218 -0.92415 0 
0.40061 -0.894898 0 
0.370358 -0.860435 0 
0.336806 -0.820522 0 
0.300403 -0.774895 0 
0.261731 -0.723281 0 
0.221538 -0.665412 0 
0.180773 -0.60106 0 
0.14061 -0.53008 0 
0.102465 -0.45248 0 
0.0679667 -0.368502 0 
0.0388846 -0.278715 0 
0.0169651 -0.184091 0 
0.00370504 -0.0860282 0 
9.41857e-005 0.0137162 0 
0.00641381 0.113189 0 
0.022175 0.21047 0 
0.0462246 0.303888 0 
0.0769716 0.392159 0 
0.112643 0.474428 0 
0.151497 0.550223 0 
0.191956 0.619377 0 
0.232671 0.681932 0 
0.272531 0.738059 0 
0.310647 0.788002 0 
0.34632 0.832034 0 
0.379006 0.870426 0 
0.408287 0.903436 0 
0.433848 0.931295 0 
0.455447 0.954203 0 
0.472909 0.972328 0 
0.486104 0.985804 0 
0.494944 0.994729 0 
0.499372 0.999171 0 
0.499363 0.999161 0 
0.494915 0.994701 0 
0.486057 0.985756 0 
0.472843 0.972261 0 
0.455363 0.954115 0 
0.433746 0.931186 0 
0.408169 0.903305 0 
0.378872 0.870273 0 
0.346173 0.831857 0 
0.310488 0.7878 0 
0.272363 0.737831 0 
0.232496 0.681676 0 
0.19178 0.619094 0 
0.151325 0.549911 0 
0.112482 0.474087 0 
0.0768275 0.391792 0 
0.0461056 0.303497 0 
0.0220884 0.210059 0 
0.00636579 0.112765 0 
8.83737e-005 0.0132863 0 
0.00374189 -0.0864551 0 
0.0170418 -0.184507 0 
0.0389956 -0.279113 0 
0.0681048 -0.368876 0 
0.102622 -0.452827 0 
0.14078 -0.530399 0 
0.180948 -0.601351 0 
0.221713 -0.665675 0 
0.261901 -0.723516 0 
0.300565 -0.775104 0 
0.336957 -0.820706 0 
0.370496 -0.860595 0 
0.400732 -0.895035 0 
0.427324 -0.924265 0 
0.450014 -0.948492 0 
0.468608 -0.967895 0 
0.482966 -0.982616 0 
0.492989 -0.992762 0 
0.498613 -0.998411 0 
0.499803 -0.999602 0 
0.496553 -0.996346 0 
0.488882 -0.988618 0 
0.476838 -0.97636 0 
0.460499 -0.959483 0 
0.439985 -0.937861 0 
0.415457 -0.911336 0 
0.387137 -0.879717 0 
0.35532 -0.84278 0 
0.320394 -0.800274 0 
0.282866 -0.751929 0 
0.243391 -0.697471 0 
0.202805 -0.636646 0 
0.162156 -0.569258 0 
0.122731 -0.495221 0 
0.086048 -0.414642 0 
0.0538169 -0.3279 0 
0.0278196 -0.235743 0 
0.00971973 -0.13934 0 
0.000811831 -0.0402694 0 
0.00177809 0.0595964 0 
0.012543 0.15829 0 
0.0322901 0.253981 0 
0.0596327 0.345166 0 
0.0928659 0.430759 0 
0.130209 0.51009 0 
0.169983 0.582839 0 
0.210713 0.648945 0 
0.251159 0.708517 0 
0.290316 0.761769 0 
0.327385 0.808961 0 
0.361744 0.850367 0 
0.39291 0.886254 0 
0.420515 0.916869 0 
0.444281 0.94243 0 
0.463997 0.96312 0 
0.479511 0.979094 0 
0.490713 0.990467 0 
0.49753 0.997325 0 
0.49992 0.999719 0 
0.497868 0.997665 0 
0.491388 0.991149 0 
0.480519 0.980122 0 
0.465331 0.964504 0 
0.44593 0.944178 0 
0.422467 0.918996 0 
0.395146 0.888773 0 
0.36424 0.853297 0 
0.33011 0.812321 0 
0.293227 0.765581 0 
0.254204 0.712801 0 
0.213823 0.653719 0 
0.173075 0.588117 0 
0.133178 0.515876 0 
0.095593 0.43704 0 
0.0619839 0.351906 0 
0.0341293 0.261115 0 
0.0137481 0.16572 0 
0.00226034 0.067194 0 
0.000533726 -0.0326514 0 
0.00870308 -0.131852 0 
0.0261407 -0.228518 0 
0.0515909 -0.321046 0 
0.083409 -0.408232 0 
0.119814 -0.4893 0 
0.159086 -0.563842 0 
0.19969 -0.631737 0 
0.240321 -0.693057 0 
0.279913 -0.747992 0 
0.317615 -0.796793 0 
0.352759 -0.839735 0 
0.384828 -0.877089 0 
0.413426 -0.909105 0 
0.438252 -0.936012 0 
0.459079 -0.958002 0 
0.475741 -0.975236 0 
0.488116 -0.987843 0 
0.496123 -0.995914 0 
0.499712 -0.999511 0 
0.49886 -0.998658 0 
0.493574 -0.993351 0 
0.483884 -0.98355 0 
0.469854 -0.969182 0 
0.451579 -0.950141 0 
0.429196 -0.926287 0 
0.402894 -0.897447 0 
0.372924 -0.863412 0 
0.339624 -0.823948 0 
0.303431 -0.778792 0 
0.264916 -0.72767 0 
0.224814 -0.670315 0 
0.184055 -0.606492 0 
0.143794 -0.536048 0 
0.105427 -0.458977 0 
0.0705711 -0.375497 0 
0.040986 -0.286148 0 
0.0184286 -0.191868 0 
0.00442549 -0.0940213 0 
1.6031e-005 0.00565878 0 
0.0055432 0.105227 0 
0.0205783 0.202751 0 
0.0440146 0.296534 0 
0.0742865 0.385257 0 
0.109627 0.468031 0 
0.148285 0.544358 0 
0.188668 0.614049 0 
0.229407 0.67713 0 
0.269372 0.733767 0 
0.307657 0.784199 0 
0.343549 0.828697 0 
0.376492 0.867534 0 
0.406061 0.900969 0 
0.431931 0.929235 0 
0.453857 0.952536 0 
0.471658 0.971041 0 
0.485201 0.984887 0 
0.494394 0.994177 0 
0.49918 0.998978 0 
0.499528 0.999327 0 
0.495438 0.995226 0 
0.486933 0.986644 0 
0.474068 0.973519 0 
0.456928 0.955753 0 
0.435638 0.933215 0 
0.410373 0.905741 0 
0.381365 0.873132 0 
0.348926 0.835159 0 
0.313464 0.791567 0 
0.275511 0.742085 0 
0.235755 0.686439 0 
0.195069 0.624382 0 
0.154546 0.555735 0 
0.115517 0.480444 0 
0.0795429 0.398657 0 
0.048357 0.310819 0 
0.0237363 0.217755 0 
0.00729485 0.120714 0 
0.000228028 0.0213421 0 
0.00308116 -0.0784516 0 
0.0156317 -0.176709 0 
0.0369383 -0.271649 0 
0.0655337 -0.361845 0 
0.0996814 -0.446291 0 
0.137609 -0.524389 0 
0.177671 -0.595877 0 
0.218434 -0.660732 0 
0.258706 -0.719089 0 
0.297523 -0.771171 0 
0.334122 -0.817245 0 
0.367909 -0.857585 0 
0.398426 -0.892455 0 
0.425322 -0.922096 0 
0.448334 -0.94672 0 
0.467264 -0.966506 0 
0.481968 -0.9816 0 
0.492343 -0.992112 0 
0.498324 -0.998121 0 
0.499872 -0.999671 0 
0.49698 -0.996774 0 
0.489663 -0.989407 0 
0.477969 -0.977518 0 
0.461973 -0.961017 0 
0.44179 -0.939783 0 
0.417578 -0.913661 0 
0.389554 -0.88246 0 
0.358006 -0.84596 0 
0.323314 -0.803913 0 
0.285974 -0.756049 0 
0.246627 -0.702094 0 
0.206094 -0.641791 0 
0.165406 -0.574936 0 
0.125829 -0.501435 0 
0.088864 -0.421373 0 
0.0562079 -0.335106 0 
0.0296433 -0.243348 0 
0.0108522 -0.147234 0 
0.00116848 -0.0483118 0 
0.00133104 0.0515631 0 
0.0113271 0.150422 0 
0.0303954 0.246416 0 
0.0571863 0.338011 0 
0.0900109 0.424085 0 
0.127087 0.503937 0 
0.166723 0.577221 0 
0.207425 0.64386 0 
0.247934 0.703952 0 
0.287227 0.757704 0 
0.32449 0.805374 0 
0.359087 0.847237 0 
0.390525 0.88356 0 
0.418429 0.914591 0 
0.442512 0.940552 0 
0.462561 0.961629 0 
0.478419 0.977978 0 
0.489971 0.989719 0 
0.497144 0.996938 0 
0.499892 0.99969 0 
0.498198 0.997995 0 
0.492074 0.99184 0 
0.481556 0.98118 0 
0.466713 0.965936 0 
0.447647 0.945995 0 
0.424505 0.92121 0 
0.397486 0.891402 0 
0.366857 0.856357 0 
0.33297 0.815834 0 
0.296289 0.769569 0 
0.257412 0.717286 0 
0.217107 0.658721 0 
0.176346 0.593651 0 
0.13633 0.521946 0 
0.0984989 0.443635 0 
0.064504 0.35899 0 
0.0361196 0.268622 0 
0.0150776 0.173548 0 
0.0028319 0.0752113 0 
0.000302955 -0.0245998 0 
0.00768808 -0.123924 0 
0.0244181 -0.22086 0 
0.0492798 -0.313772 0 
0.0806502 -0.401423 0 
0.116751 -0.483003 0 
0.155852 -0.558079 0 
0.1964 -0.626509 0 
0.237071 -0.688353 0 
0.276781 -0.743794 0 
0.314663 -0.79308 0 
0.350034 -0.836484 0 
0.382367 -0.874278 0 
0.411257 -0.906717 0 
0.436396 -0.934027 0 
0.457553 -0.956407 0 
0.474555 -0.97402 0 
0.48728 -0.986995 0 
0.495641 -0.99543 0 
0.499587 -0.999386 0 
0.499093 -0.998892 0 
0.494164 -0.993945 0 
0.484827 -0.984508 0 
0.471144 -0.970512 0 
0.453207 -0.951852 0 
0.431149 -0.928393 0 
0.405154 -0.899961 0 
0.375469 -0.866354 0 
0.342422 -0.827336 0 
0.306443 -0.782649 0 
0.268091 -0.732019 0 
0.228085 -0.675176 0 
0.187339 -0.611881 0 
0.14699 -0.541974 0 
0.108413 -0.465432 0 
0.0732097 -0.382454 0 
0.0431333 -0.293549 0 
0.019948 -0.199622 0 
0.00520868 -0.102002 0 
2.88218e-006 -0.0023994 0 
0.00473474 0.097251 0 
0.0190365 0.195007 0 
0.0418491 0.289146 0 
0.0716343 0.378316 0 
0.106632 0.461593 0 
0.145085 0.53845 0 
0.185383 0.608677 0 
0.226137 0.672286 0 
0.266201 0.729434 0 
0.304651 0.780357 0 
0.340758 0.825323 0 
0.373956 0.864606 0 
0.403811 0.898468 0 
0.429989 0.927143 0 
0.452241 0.950837 0 
0.470379 0.969724 0 
0.484269 0.983941 0 
0.493816 0.993595 0 
0.498958 0.998756 0 
0.499665 0.999463 0 
0.495932 0.995722 0 
0.487781 0.987504 0 
0.475265 0.974748 0 
0.458465 0.95736 0 
0.437504 0.935213 0 
0.412552 0.908143 0 
0.383835 0.875956 0 
0.351659 0.838425 0 
0.316423 0.795296 0 
0.278648 0.746299 0 
0.239007 0.691159 0 
0.198359 0.629627 0 
0.157777 0.561516 0 
0.118573 0.486758 0 
0.0822895 0.405483 0 
0.0506511 0.318108 0 
0.0254376 0.225424 0 
0.0082852 0.128647 0 
0.000432578 0.0293951 0 
0.00248385 -0.070438 0 
0.0142789 -0.168889 0 
0.0349285 -0.264155 0 
0.0629988 -0.354776 0 
0.0967653 -0.439713 0 
0.134452 -0.518337 0 
0.174397 -0.590361 0 
0.215152 -0.655747 0 
0.255502 -0.71462 0 
0.294467 -0.767199 0 
0.331269 -0.813746 0 
0.365301 -0.854539 0 
0.396096 -0.889841 0 
0.423295 -0.919895 0 
0.446628 -0.944917 0 
0.465893 -0.965087 0 
0.480942 -0.980554 0 
0.491669 -0.991432 0 
0.498005 -0.997802 0 
0.499912 -0.999711 0 
0.497377 -0.997172 0 
0.490416 -0.990168 0 
0.479072 -0.978646 0 
0.46342 -0.962521 0 
0.443569 -0.941674 0 
0.419675 -0.915952 0 
0.391948 -0.885168 0 
0.360672 -0.849105 0 
0.326216 -0.807515 0 
0.289068 -0.76013 0 
0.249855 -0.706676 0 
0.209383 -0.646893 0 
0.168664 -0.580572 0 
0.128944 -0.507606 0 
0.0917078 -0.428065 0 
0.0586385 -0.342276 0 
0.0315177 -0.250925 0 
0.0120441 -0.15511 0 
0.00158953 -0.0563479 0 
0.00094832 0.0435231 0 
0.0101706 0.142535 0 
0.0285511 0.238823 0 
0.0547792 0.330819 0 
0.0871836 0.41737 0 
0.123982 0.49774 0 
0.16347 0.57156 0 
0.204135 0.638732 0 
0.244701 0.699346 0 
0.284125 0.7536 0 
0.321577 0.80175 0 
0.356409 0.844071 0 
0.388118 0.880831 0 
0.416318 0.91228 0 
0.440718 0.938642 0 
0.461099 0.960107 0 
0.477299 0.976832 0 
0.489201 0.988941 0 
0.496729 0.996522 0 
0.499835 0.999633 0 
0.498499 0.998297 0 
0.492731 0.992503 0 
0.482565 0.982208 0 
0.468067 0.967337 0 
0.449337 0.947779 0 
0.426517 0.923391 0 
0.399802 0.893996 0 
0.369452 0.859382 0 
0.335813 0.81931 0 
0.299336 0.773518 0 
0.26061 0.72173 0 
0.220387 0.663681 0 
0.179622 0.599142 0 
0.139496 0.527974 0 
0.10143 0.450188 0 
0.0670605 0.366037 0 
0.0381577 0.276098 0 
0.0164646 0.181355 0 
0.00346702 0.0832191 0 
0.000137041 -0.016545 0 
0.00673417 -0.115982 0 
0.0227485 -0.213175 0 
0.047011 -0.306463 0 
0.077922 -0.394573 0 
0.113707 -0.476664 0 
0.152627 -0.552272 0 
0.19311 -0.621238 0 
0.233815 -0.683608 0 
0.273638 -0.739556 0 
0.311694 -0.789329 0 
0.347289 -0.833197 0 
0.379883 -0.871433 0 
0.409063 -0.904294 0 
0.434514 -0.932011 0 
0.455999 -0.954781 0 
0.473342 -0.972773 0 
0.486415 -0.986119 0 
0.49513 -0.994917 0 
0.499433 -0.999232 0 
0.499298 -0.999096 0 
0.494725 -0.994509 0 
0.485742 -0.985437 0 
0.472406 -0.971811 0 
0.454807 -0.953533 0 
0.433076 -0.930466 0 
0.40739 -0.902442 0 
0.377992 -0.86926 0 
0.345201 -0.830688 0 
0.30944 -0.786468 0 
0.271254 -0.736328 0 
0.231351 -0.679994 0 
0.190626 -0.617227 0 
0.150197 -0.547856 0 
0.111421 -0.471846 0 
0.0758816 -0.389372 0 
0.0453254 -0.300917 0 
0.0215226 -0.207351 0 
0.0060542 -0.10997 0 
5.4746e-005 -0.0104573 0 
0.00398887 0.0892627 0 
0.0175503 0.18724 0 
0.039729 0.281726 0 
0.0690159 0.371336 0 
0.10366 0.455113 0 
0.141897 0.532499 0 
0.1821 0.603262 0 
0.222864 0.6674 0 
0.26302 0.725061 0 
0.301629 0.776476 0 
0.337948 0.821912 0 
0.371399 0.861644 0 
0.401536 0.895933 0 
0.428021 0.925018 0 
0.450597 0.949107 0 
0.469073 0.968376 0 
0.483309 0.982965 0 
0.493209 0.992984 0 
0.498708 0.998506 0 
0.499772 0.999571 0 
0.496397 0.996189 0 
0.488601 0.988333 0 
0.476434 0.975946 0 
0.459976 0.958936 0 
0.439345 0.937178 0 
0.414706 0.910512 0 
0.386283 0.878746 0 
0.354372 0.841654 0 
0.319365 0.798987 0 
0.281772 0.750473 0 
0.242253 0.695838 0 
0.201649 0.63483 0 
0.161017 0.567253 0 
0.121647 0.493029 0 
0.0850661 0.412269 0 
0.052987 0.325362 0 
0.0271915 0.233066 0 
0.00933633 0.136564 0 
0.000701917 0.0374443 0 
0.00195027 -0.0624153 0 
0.0129839 -0.161048 0 
0.0329671 -0.25663 0 
0.0605008 -0.34767 0 
0.0938746 -0.433093 0 
0.131309 -0.512241 0 
0.171129 -0.584801 0 
0.211867 -0.65072 0 
0.252289 -0.71011 0 
0.291397 -0.763187 0 
0.328398 -0.810211 0 
0.362672 -0.851457 0 
0.393742 -0.887192 0 
0.421242 -0.917661 0 
0.444895 -0.943081 0 
0.464494 -0.963637 0 
0.479887 -0.979478 0 
0.490966 -0.990723 0 
0.497658 -0.997454 0 
0.499923 -0.999722 0 
0.497746 -0.997542 0 
0.491141 -0.990899 0 
0.480148 -0.979744 0 
0.464839 -0.963994 0 
0.445321 -0.943533 0 
0.421746 -0.91821 0 
0.394319 -0.887843 0 
0.363317 -0.852214 0 
0.329101 -0.811078 0 
0.292149 -0.764171 0 
0.253075 -0.711216 0 
0.21267 -0.651952 0 
0.171928 -0.586164 0 
0.132075 -0.513735 0 
0.0945787 -0.434715 0 
0.0611078 -0.34941 0 
0.0334419 -0.258472 0 
0.013295 -0.162966 0 
0.00207478 -0.0643768 0 
0.000630117 0.0354775 0 
0.00907386 0.134631 0 
0.026758 0.231201 0 
0.0524123 0.323592 0 
0.0843848 0.410614 0 
0.120894 0.491501 0 
0.160224 0.565855 0 
0.200845 0.633562 0 
0.241461 0.694698 0 
0.28101 0.749456 0 
0.318648 0.798088 0 
0.353711 0.840868 0 
0.385687 0.878067 0 
0.414182 0.909936 0 
0.438897 0.936701 0 
0.459609 0.958554 0 
0.476151 0.975656 0 
0.488403 0.988133 0 
0.496286 0.996077 0 
0.499749 0.999548 0 
0.498771 0.998569 0 
0.49336 0.993136 0 
0.483547 0.983207 0 
0.469395 0.968708 0 
0.451001 0.949533 0 
0.428504 0.92554 0 
0.402094 0.896556 0 
0.372026 0.862371 0 
0.338637 0.822749 0 
0.302369 0.777428 0 
0.263799 0.726134 0 
0.223664 0.668598 0 
0.182902 0.604589 0 
0.142675 0.533957 0 
0.104384 0.4567 0 
0.0696527 0.373045 0 
0.0402429 0.283542 0 
0.0179083 0.18914 0 
0.00416536 0.0912161 0 
3.60689e-005 -0.00848805 0 
0.00584183 -0.108024 0 
0.0211327 -0.205464 0 
0.0447856 -0.29912 0 
0.0752256 -0.387685 0 
0.110684 -0.470282 0 
0.149412 -0.546423 0 
0.189822 -0.615925 0 
0.230553 -0.678821 0 
0.270482 -0.735278 0 
0.308709 -0.785539 0 
0.344524 -0.829872 0 
0.377377 -0.868553 0 
0.406846 -0.901839 0 
0.432607 -0.929962 0 
0.454419 -0.953125 0 
0.4721 -0.971497 0 
0.485521 -0.985213 0 
0.49459 -0.994374 0 
0.499251 -0.999049 0 
0.499473 -0.999272 0 
0.495258 -0.995045 0 
0.486629 -0.986336 0 
0.473641 -0.973081 0 
0.456381 -0.955182 0 
0.434977 -0.932506 0 
0.409602 -0.904889 0 
0.380492 -0.872132 0 
0.347961 -0.834004 0 
0.312421 -0.790249 0 
0.274407 -0.740596 0 
0.234612 -0.684771 0 
0.193914 -0.62253 0 
0.153414 -0.553695 0 
0.114449 -0.478217 0 
0.0785859 -0.396251 0 
0.0475615 -0.308252 0 
0.0231516 -0.215055 0 
0.00696163 -0.117924 0 
0.000171595 -0.0185138 0 
0.00330595 0.081263 0 
0.0161203 0.179449 0 
0.0376553 0.274273 0 
0.0664324 0.364318 0 
0.100711 0.448591 0 
0.138721 0.526504 0 
0.178821 0.597804 0 
0.219586 0.662472 0 
0.259829 0.720648 0 
0.298593 0.772556 0 
0.33512 0.818464 0 
0.36882 0.858646 0 
0.399238 0.893365 0 
0.426028 0.922861 0 
0.448927 0.947346 0 
0.467739 0.966997 0 
0.482321 0.98196 0 
0.492573 0.992344 0 
0.498428 0.998226 0 
0.499851 0.99965 0 
0.496833 0.996627 0 
0.489392 0.989133 0 
0.477575 0.977115 0 
0.461459 0.960482 0 
0.441159 0.939112 0 
0.416836 0.912848 0 
0.388708 0.881501 0 
0.357065 0.844848 0 
0.322291 0.802639 0 
0.284884 0.754607 0 
0.245492 0.700476 0 
0.204939 0.639989 0 
0.164264 0.572947 0 
0.124739 0.499258 0 
0.087872 0.419014 0 
0.0553638 0.33258 0 
0.0289971 0.240681 0 
0.0104477 0.144465 0 
0.0010359 0.0454886 0 
0.00148069 -0.0543846 0 
0.0117473 -0.153187 0 
0.031055 -0.249076 0 
0.0580409 -0.340527 0 
0.0910103 -0.426433 0 
0.128181 -0.506102 0 
0.167867 -0.579199 0 
0.208579 -0.64565 0 
0.249067 -0.70556 0 
0.288313 -0.759136 0 
0.325509 -0.806638 0 
0.360022 -0.84834 0 
0.391365 -0.88451 0 
0.419165 -0.915395 0 
0.443136 -0.941215 0 
0.463069 -0.962156 0 
0.478805 -0.978373 0 
0.490235 -0.989985 0 
0.497283 -0.997077 0 
0.499905 -0.999704 0 
0.498086 -0.997883 0 
0.491836 -0.991601 0 
0.481195 -0.980812 0 
0.466231 -0.965437 0 
0.447047 -0.94536 0 
0.423792 -0.920436 0 
0.396667 -0.890483 0 
0.365941 -0.855286 0 
0.331968 -0.814605 0 
0.295216 -0.768173 0 
0.256286 -0.715716 0 
0.215954 -0.656969 0 
0.175197 -0.591713 0 
0.135222 -0.51982 0 
0.0974757 -0.441324 0 
0.0636149 -0.356507 0 
0.0354152 -0.265989 0 
0.0146042 -0.170802 0 
0.00262396 -0.0723973 0 
0.000376601 0.0274273 0 
0.00803753 0.12671 0 
0.0250169 0.223552 0 
0.0500865 0.31633 0 
0.0816154 0.403818 0 
0.117824 0.485219 0 
0.156987 0.560107 0 
0.197555 0.628349 0 
0.238213 0.690009 0 
0.277882 0.745273 0 
0.315701 0.794388 0 
0.350993 0.83763 0 
0.383234 0.875269 0 
0.412021 0.907559 0 
0.437051 0.934728 0 
0.458092 0.95697 0 
0.474975 0.97445 0 
0.487577 0.987296 0 
0.495814 0.995603 0 
0.499634 0.999433 0 
0.499015 0.998813 0 
0.49396 0.99374 0 
0.484499 0.984175 0 
0.470694 0.970048 0 
0.452638 0.951255 0 
0.430466 0.927657 0 
0.404363 0.899082 0 
0.374578 0.865325 0 
0.341442 0.826151 0 
0.305387 0.781299 0 
0.266977 0.730497 0 
0.226937 0.673474 0 
0.186185 0.609994 0 
0.145866 0.539898 0 
0.107362 0.46317 0 
0.0722794 0.380016 0 
0.0423742 0.290954 0 
0.0194082 0.196902 0 
0.00492656 0.0992014 0 
9.25735e-008 -0.000430017 0 
0.0050115 -0.100053 0 
0.0195716 -0.197729 0 
0.0426043 -0.291744 0 
0.0725617 -0.380757 0 
0.107681 -0.463858 0 
0.146207 -0.54053 0 
0.186536 -0.610568 0 
0.227286 -0.673992 0 
0.267316 -0.73096 0 
0.305708 -0.78171 0 
0.34174 -0.826512 0 
0.374849 -0.865638 0 
0.404604 -0.89935 0 
0.430674 -0.927881 0 
0.452811 -0.951437 0 
0.470831 -0.97019 0 
0.4846 -0.984277 0 
0.494022 -0.993803 0 
0.499039 -0.998837 0 
0.49962 -0.999419 0 
0.495761 -0.995551 0 
0.487487 -0.987205 0 
0.474847 -0.97432 0 
0.457928 -0.9568 0 
0.436852 -0.934515 0 
0.411789 -0.907303 0 
0.38297 -0.874968 0 
0.350701 -0.837282 0 
0.315386 -0.793991 0 
0.277548 -0.744824 0 
0.237866 -0.689506 0 
0.197204 -0.627791 0 
0.156642 -0.559491 0 
0.117498 -0.484546 0 
0.0813216 -0.403091 0 
0.0498407 -0.315553 0 
0.0248342 -0.222734 0 
0.00793052 -0.125863 0 
0.00035337 -0.0265679 0 
0.00268634 0.0732528 0 
0.0147473 0.171637 0 
0.0356287 0.26679 0 
0.0638847 0.357262 0 
0.0977864 0.442027 0 
0.135559 0.520467 0 
0.175546 0.592303 0 
0.216305 0.657502 0 
0.256628 0.716194 0 
0.295542 0.768598 0 
0.332273 0.814979 0 
0.366219 0.855612 0 
0.396916 0.890762 0 
0.424009 0.920672 0 
0.44723 0.945554 0 
0.466378 0.965589 0 
0.481305 0.980925 0 
0.491909 0.991674 0 
0.49812 0.997917 0 
0.499901 0.9997 0 
0.497241 0.997036 0 
0.490155 0.989904 0 
0.478688 0.978253 0 
0.462915 0.961996 0 
0.442947 0.941014 0 
0.418941 0.915151 0 
0.39111 0.884221 0 
0.359738 0.848005 0 
0.325199 0.806254 0 
0.287983 0.758701 0 
0.248723 0.705072 0 
0.208228 0.645106 0 
0.167519 0.578598 0 
0.127848 0.505445 0 
0.0907062 0.42572 0 
0.0577806 0.339763 0 
0.0308538 0.248268 0 
0.0116188 0.152347 0 
0.00143437 0.053527 0 
0.00107536 -0.0463468 0 
0.0105699 -0.145307 0 
0.0291929 -0.241492 0 
0.0556199 -0.333348 0 
0.0881732 -0.419732 0 
0.12507 -0.499921 0 
0.164611 -0.573553 0 
0.20529 -0.640538 0 
0.245837 -0.700968 0 
0.285216 -0.755046 0 
0.322602 -0.803027 0 
0.357352 -0.845186 0 
0.388966 -0.881793 0 
0.417062 -0.913096 0 
0.441351 -0.939316 0 
0.461615 -0.960645 0 
0.477695 -0.977238 0 
0.489475 -0.989217 0 
0.496878 -0.996672 0 
0.499858 -0.999657 0 
0.498397 -0.998194 0 
0.492504 -0.992274 0 
0.482214 -0.981851 0 
0.467595 -0.966849 0 
0.448747 -0.947156 0 
0.425814 -0.922629 0 
0.398991 -0.893089 0 
0.368543 -0.858324 0 
0.334817 -0.818094 0 
0.298268 -0.772136 0 
0.259488 -0.720174 0 
0.219236 -0.661944 0 
0.178471 -0.597219 0 
0.138383 -0.525862 0 
0.100398 -0.447892 0 
0.0661588 -0.363567 0 
0.0374367 -0.273476 0 
0.0159711 -0.178617 0 
0.0032368 -0.0804085 0 
0.000187902 0.0193735 0 
0.00706212 0.118772 0 
0.0233286 0.215876 0 
0.0478028 0.309033 0 
0.0788764 0.396983 0 
0.114773 0.478894 0 
0.153758 0.554316 0 
0.194265 0.623094 0 
0.234959 0.685279 0 
0.274743 0.741049 0 
0.312738 0.79065 0 
0.348255 0.834355 0 
0.380758 0.872436 0 
0.409836 0.905149 0 
0.435178 0.932722 0 
0.456548 0.955356 0 
0.473771 0.973214 0 
0.486721 0.98643 0 
0.495313 0.9951 0 
0.49949 0.999289 0 
0.499229 0.999028 0 
0.494531 0.994314 0 
0.485424 0.985114 0 
0.471966 0.971359 0 
0.454248 0.952946 0 
0.432402 0.929741 0 
0.406607 0.901575 0 
0.377108 0.868244 0 
0.344228 0.829516 0 
0.308389 0.785132 0 
0.270145 0.734819 0 
0.230205 0.678307 0 
0.189471 0.615355 0 
0.149069 0.545796 0 
0.110362 0.469598 0 
0.0749397 0.386947 0 
0.0445507 0.298334 0 
0.0209635 0.20464 0 
0.00575025 0.107174 0 
2.91304e-005 0.00762808 0 
0.00424361 -0.0920689 0 
0.0180658 -0.18997 0 
0.0404682 -0.284335 0 
0.0699314 -0.373791 0 
0.104701 -0.457393 0 
0.143015 -0.534594 0 
0.183252 -0.605168 0 
0.224014 -0.669121 0 
0.264138 -0.726601 0 
0.302692 -0.777843 0 
0.338937 -0.823114 0 
0.372299 -0.862688 0 
0.402338 -0.896827 0 
0.428715 -0.925768 0 
0.451177 -0.949718 0 
0.469535 -0.968852 0 
0.48365 -0.983311 0 
0.493425 -0.993202 0 
0.498799 -0.998597 0 
0.499738 -0.999537 0 
0.496237 -0.996028 0 
0.488316 -0.988045 0 
0.476026 -0.975529 0 
0.459448 -0.958387 0 
0.438702 -0.936492 0 
0.413953 -0.909684 0 
0.385426 -0.87777 0 
0.353422 -0.840525 0 
0.318334 -0.797695 0 
0.280677 -0.749012 0 
0.241114 -0.6942 0 
0.200494 -0.633008 0 
0.159878 -0.565244 0 
0.120565 -0.490832 0 
0.0840878 -0.409891 0 
0.0521621 -0.322819 0 
0.0265697 -0.230386 0 
0.00896037 -0.133786 0 
0.000599974 -0.0346185 0 
0.00213035 0.0652332 0 
0.0134319 0.163803 0 
0.0336502 0.259276 0 
0.0613736 0.350169 0 
0.0948867 0.435422 0 
0.13241 0.514386 0 
0.172276 0.586758 0 
0.21302 0.65249 0 
0.253418 0.711699 0 
0.292477 0.7646 0 
0.329408 0.811457 0 
0.363598 0.852543 0 
0.394571 0.888126 0 
0.421966 0.918449 0 
0.445507 0.943729 0 
0.464989 0.964149 0 
0.480261 0.979859 0 
0.491216 0.990975 0 
0.497783 0.99758 0 
0.499922 0.999721 0 
0.49762 0.997415 0 
0.490889 0.990646 0 
0.479773 0.979362 0 
0.464344 0.96348 0 
0.444709 0.942884 0 
0.421022 0.917421 0 
0.39349 0.886908 0 
0.36239 0.851126 0 
0.32809 0.809831 0 
0.291069 0.762757 0 
0.251946 0.709627 0 
0.211516 0.650181 0 
0.170781 0.584206 0 
0.130974 0.511588 0 
0.0935677 0.432384 0 
0.0602365 0.34691 0 
0.0327607 0.255825 0 
0.0128491 0.16021 0 
0.0018971 0.0615586 0 
0.000734484 -0.0383031 0 
0.00945209 -0.137408 0 
0.0273817 -0.23388 0 
0.0532387 -0.326134 0 
0.0853642 -0.412991 0 
0.121976 -0.493696 0 
0.161363 -0.567863 0 
0.202001 -0.635383 0 
0.242599 -0.696335 0 
0.282105 -0.750916 0 
0.319678 -0.799378 0 
0.354661 -0.841997 0 
0.386543 -0.879041 0 
0.414935 -0.910763 0 
0.43954 -0.937386 0 
0.460135 -0.959103 0 
0.476557 -0.976072 0 
0.488687 -0.98842 0 
0.496445 -0.996237 0 
0.499782 -0.999581 0 
0.498679 -0.998477 0 
0.493142 -0.992917 0 
0.483205 -0.982859 0 
0.468932 -0.96823 0 
0.45042 -0.948921 0 
0.42781 -0.92479 0 
0.401292 -0.895661 0 
0.371125 -0.861325 0 
0.337647 -0.821546 0 
0.301306 -0.776059 0 
0.26268 -0.724592 0 
0.222514 -0.666876 0 
0.18175 -0.602682 0 
0.141557 -0.531861 0 
0.103344 -0.454418 0 
0.0687385 -0.370589 0 
0.0395055 -0.280932 0 
0.017395 -0.186409 0 
0.00391298 -0.0884094 0 
6.412e-005 0.0113172 0 
0.00614811 0.11082 0 
0.0216939 0.208175 0 
0.045562 0.301702 0 
0.0761687 0.390108 0 
0.111743 0.472528 0 
0.150539 0.548482 0 
0.190977 0.617795 0 
0.231699 0.680506 0 
0.271591 0.736785 0 
0.309759 0.786874 0 
0.345497 0.831044 0 
0.37826 0.869568 0 
0.407627 0.902705 0 
0.43328 0.930685 0 
0.454977 0.95371 0 
0.472539 0.971948 0 
0.485838 0.985534 0 
0.494783 0.994568 0 
0.499318 0.999117 0 
0.499415 0.999214 0 
0.495074 0.99486 0 
0.486321 0.986023 0 
0.47321 0.972639 0 
