13.5465 0.755914 2.08875 
13.54 0.826947 2.1553 
13.5335 0.897981 2.22184 
13.527 0.969014 2.28839 
13.5205 1.04005 2.35494 
13.514 1.11108 2.42148 
13.5075 1.18211 2.48803 
13.501 1.25315 2.55458 
13.4945 1.32418 2.62112 
13.488 1.39521 2.68767 
13.4815 1.46625 2.75422 
13.475 1.53728 2.82077 
13.4685 1.60832 2.88731 
13.462 1.67935 2.95386 
13.4555 1.75038 3.02041 
13.449 1.82142 3.08695 
13.4425 1.89245 3.1535 
13.436 1.96348 3.22005 
13.4295 2.03452 3.28659 
13.423 2.10555 3.35314 
13.4165 2.17658 3.41969 
13.41 2.24762 3.48624 
13.4035 2.31865 3.55278 
13.397 2.38968 3.61933 
13.3905 2.46072 3.68588 
13.384 2.53175 3.75242 
13.3775 2.60278 3.81897 
13.371 2.67382 3.88552 
13.3645 2.74485 3.95206 
13.358 2.81588 4.01861 
13.3515 2.88692 4.08516 
13.345 2.95795 4.15171 
13.3385 3.02898 4.21825 
13.332 3.10002 4.2848 
13.3255 3.17105 4.35135 
13.319 3.24208 4.41789 
13.3125 3.31312 4.48444 
13.306 3.38415 4.55099 
13.2995 3.45518 4.61753 
13.293 3.52622 4.68408 
13.2865 3.59725 4.75063 
13.28 3.66828 4.81717 
13.2735 3.73932 4.88372 
13.267 3.81035 4.95027 
13.2605 3.88138 5.01682 
13.254 3.95242 5.08336 
13.2475 4.02345 5.14991 
13.241 4.09449 5.21646 
13.2346 4.16552 5.283 
13.2281 4.23655 5.34955 
13.2216 4.30759 5.4161 
13.2151 4.37862 5.48264 
13.2086 4.44965 5.54919 
13.2021 4.52069 5.61574 
13.1956 4.59172 5.68229 
13.1891 4.66275 5.74883 
13.1826 4.73379 5.81538 
13.1761 4.80482 5.88193 
13.1696 4.87585 5.94847 
13.1631 4.94689 6.01502 
13.1566 5.01792 6.08157 
13.1501 5.08895 6.14811 
13.1436 5.15999 6.21466 
13.1371 5.23102 6.28121 
13.1306 5.30205 6.34776 
13.1241 5.37309 6.4143 
13.1176 5.44412 6.48085 
13.1111 5.51515 6.5474 
13.1046 5.58619 6.61394 
13.0981 5.65722 6.68049 
13.0916 5.72825 6.74704 
13.0851 5.79929 6.81358 
13.0786 5.87032 6.88013 
13.0721 5.94135 6.94668 
13.0656 6.01239 7.01322 
13.0591 6.08342 7.07977 
13.0526 6.15445 7.14632 
13.0461 6.22549 7.21287 
13.0396 6.29652 7.27941 
13.0331 6.36755 7.34596 
13.0266 6.43859 7.41251 
13.0201 6.50962 7.47905 
13.0136 6.58066 7.5456 
13.0071 6.65169 7.61215 
13.0006 6.72272 7.67869 
12.9941 6.79376 7.74524 
12.9876 6.86479 7.81179 
12.9811 6.93582 7.87834 
12.9746 7.00686 7.94488 
12.9681 7.07789 8.01143 
12.9616 7.14892 8.07798 
12.9551 7.21996 8.14452 
12.9486 7.29099 8.21107 
12.9421 7.36202 8.27762 
12.9356 7.43306 8.34416 
12.9291 7.50409 8.41071 
12.9226 7.57512 8.47726 
12.9161 7.64616 8.54381 
12.9096 7.71719 8.61035 
12.9031 7.78822 8.6769 
12.8966 7.85926 8.74345 
12.8901 7.93029 8.80999 
12.8836 8.00132 8.87654 
12.8771 8.07236 8.94309 
12.8706 8.14339 9.00963 
12.8641 8.21442 9.07618 
12.8576 8.28546 9.14273 
12.8511 8.35649 9.20927 
12.8446 8.42752 9.27582 
12.8381 8.49856 9.34237 
12.8316 8.56959 9.40892 
12.8251 8.64062 9.47546 
12.8186 8.71166 9.54201 
12.8121 8.78269 9.60856 
12.8056 8.85372 9.6751 
12.7991 8.92476 9.74165 
12.7926 8.99579 9.8082 
12.7861 9.06683 9.87474 
12.7796 9.13786 9.94129 
12.7731 9.20889 10.0078 
12.7666 9.27993 10.0744 
12.7601 9.35096 10.1409 
12.7536 9.42199 10.2075 
12.7471 9.49303 10.274 
12.7406 9.56406 10.3406 
12.7341 9.63509 10.4071 
12.7276 9.70613 10.4737 
12.7211 9.77716 10.5402 
12.7146 9.84819 10.6068 
12.7081 9.91923 10.6733 
12.7016 9.99026 10.7399 
12.6951 10.0613 10.8064 
12.6886 10.1323 10.8729 
12.6821 10.2034 10.9395 
12.6756 10.2744 11.006 
12.6691 10.3454 11.0726 
12.6626 10.4165 11.1391 
12.6561 10.4875 11.2057 
12.6496 10.5585 11.2722 
12.6431 10.6296 11.3388 
12.6366 10.7006 11.4053 
12.6301 10.7716 11.4719 
12.6236 10.8427 11.5384 
12.6171 10.9137 11.605 
12.6106 10.9847 11.6715 
12.6042 11.0558 11.7381 
12.5977 11.1268 11.8046 
12.5912 11.1978 11.8712 
12.5847 11.2689 11.9377 
12.5782 11.3399 12.0042 
12.5717 11.4109 12.0708 
12.5652 11.482 12.1373 
12.5587 11.553 12.2039 
12.5522 11.624 12.2704 
12.5457 11.6951 12.337 
12.5392 11.7661 12.4035 
12.5327 11.8371 12.4701 
12.5262 11.9082 12.5366 
12.5197 11.9792 12.6032 
12.5132 12.0502 12.6697 
12.5067 12.1213 12.7363 
12.5002 12.1923 12.8028 
12.4937 12.2633 12.8694 
12.4872 12.3344 12.9359 
12.4807 12.4054 13.0025 
12.4742 12.4764 13.069 
12.4677 12.5475 13.1355 
12.4612 12.6185 13.2021 
12.4547 12.6895 13.2686 
12.4482 12.7606 13.3352 
12.4417 12.8316 13.4017 
12.4352 12.9026 13.4683 
12.4287 12.9737 13.5348 
12.4222 13.0447 13.6014 
12.4157 13.1157 13.6679 
12.4092 13.1868 13.7345 
12.4027 13.2578 13.801 
12.3962 13.3288 13.8676 
12.3897 13.3999 13.9341 
12.3832 13.4709 14.0007 
12.3767 13.5419 14.0672 
12.3702 13.613 14.1338 
12.3637 13.684 14.2003 
12.3572 13.755 14.2668 
12.3507 13.8261 14.3334 
12.3442 13.8971 14.3999 
12.3377 13.9681 14.4665 
12.3312 14.0392 14.533 
12.3247 14.1102 14.5996 
12.3182 14.1812 14.6661 
12.3117 14.2523 14.7327 
12.3052 14.3233 14.7992 
12.2987 14.3943 14.8658 
12.2922 14.4654 14.9323 
12.2857 14.5364 14.9989 
12.2792 14.6074 15.0654 
12.2727 14.6785 15.132 
12.2662 14.7495 15.1985 
12.2597 14.8205 15.265 
12.2532 14.8916 15.3316 
12.2467 14.9626 15.3981 
12.2402 15.0336 15.4647 
12.2337 15.1047 15.5312 
12.2272 15.1757 15.5978 
12.2207 15.2467 15.6643 
12.2142 15.3178 15.7309 
12.2077 15.3888 15.7974 
12.2012 15.4598 15.864 
12.1947 15.5309 15.9305 
12.1882 15.6019 15.9971 
12.1817 15.6729 16.0636 
12.1752 15.744 16.1302 
12.1687 15.815 16.1967 
12.1622 15.886 16.2633 
12.1557 15.9571 16.3298 
12.1492 16.0281 16.3963 
12.1427 16.0991 16.4629 
12.1362 16.1702 16.5294 
12.1297 16.2412 16.596 
12.1232 16.3122 16.6625 
12.1167 16.3833 16.7291 
12.1102 16.4543 16.7956 
12.1037 16.5253 16.8622 
12.0972 16.5964 16.9287 
12.0907 16.6674 16.9953 
12.0842 16.7384 17.0618 
12.0777 16.8095 17.1284 
12.0712 16.8805 17.1949 
12.0647 16.9515 17.2615 
12.0582 17.0226 17.328 
12.0517 17.0936 17.3946 
12.0452 17.1646 17.4611 
12.0387 17.2357 17.5276 
12.0322 17.3067 17.5942 
12.0257 17.3777 17.6607 
12.0192 17.4488 17.7273 
12.0127 17.5198 17.7938 
12.0062 17.5908 17.8604 
11.9997 17.6619 17.9269 
11.9932 17.7329 17.9935 
11.9867 17.8039 18.06 
11.9802 17.875 18.1266 
11.9738 17.946 18.1931 
11.9673 18.017 18.2597 
11.9608 18.0881 18.3262 
11.9543 18.1591 18.3928 
11.9478 18.2301 18.4593 
11.9413 18.3012 18.5259 
11.9348 18.3722 18.5924 
11.9283 18.4432 18.6589 
11.9218 18.5143 18.7255 
11.9153 18.5853 18.792 
11.9088 18.6563 18.8586 
11.9023 18.7274 18.9251 
11.8958 18.7984 18.9917 
11.8893 18.8694 19.0582 
11.8828 18.9405 19.1248 
11.8763 19.0115 19.1913 
11.8698 19.0825 19.2579 
11.8633 19.1536 19.3244 
11.8568 19.2246 19.391 
11.8503 19.2956 19.4575 
11.8438 19.3667 19.5241 
11.8373 19.4377 19.5906 
11.8308 19.5087 19.6571 
11.8243 19.5798 19.7237 
11.8178 19.6508 19.7902 
11.8113 19.7218 19.8568 
11.8048 19.7929 19.9233 
11.7983 19.8639 19.9899 
11.7918 19.9349 20.0564 
11.7853 20.006 20.123 
11.7788 20.077 20.1895 
11.7723 20.148 20.2561 
11.7658 20.2191 20.3226 
11.7593 20.2901 20.3892 
11.7528 20.3611 20.4557 
11.7463 20.4322 20.5223 
11.7398 20.5032 20.5888 
11.7333 20.5742 20.6554 
11.7268 20.6453 20.7219 
11.7203 20.7163 20.7884 
11.7138 20.7873 20.855 
11.7073 20.8584 20.9215 
11.7008 20.9294 20.9881 
11.6943 21.0004 21.0546 
11.6878 21.0715 21.1212 
11.6813 21.1425 21.1877 
11.6748 21.2135 21.2543 
11.6683 21.2846 21.3208 
11.6618 21.3556 21.3874 
11.6553 21.4266 21.4539 
11.6488 21.4977 21.5205 
11.6423 21.5687 21.587 
11.6358 21.6397 21.6536 
11.6293 21.7108 21.7201 
11.6228 21.7818 21.7867 
11.6163 21.8528 21.8532 
11.6098 21.9239 21.9197 
11.6033 21.9949 21.9863 
11.5968 22.0659 22.0528 
11.5903 22.137 22.1194 
11.5838 22.208 22.1859 
11.5773 22.279 22.2525 
11.5708 22.3501 22.319 
11.5643 22.4211 22.3856 
11.5578 22.4921 22.4521 
11.5513 22.5632 22.5187 
11.5448 22.6342 22.5852 
11.5383 22.7052 22.6518 
11.5318 22.7763 22.7183 
11.5253 22.8473 22.7849 
11.5188 22.9183 22.8514 
11.5123 22.9894 22.9179 
11.5058 23.0604 22.9845 
11.4993 23.1314 23.051 
11.4928 23.2025 23.1176 
11.4863 23.2735 23.1841 
11.4798 23.3445 23.2507 
11.4733 23.4156 23.3172 
11.4668 23.4866 23.3838 
11.4603 23.5576 23.4503 
11.4538 23.6287 23.5169 
11.4473 23.6997 23.5834 
11.4408 23.7707 23.65 
11.4343 23.8418 23.7165 
11.4278 23.9128 23.7831 
11.4213 23.9838 23.8496 
11.4148 24.0549 23.9162 
11.4083 24.1259 23.9827 
11.4018 24.1969 24.0492 
11.3953 24.268 24.1158 
11.3888 24.339 24.1823 
11.3823 24.41 24.2489 
11.3758 24.4811 24.3154 
11.3693 24.5521 24.382 
11.3628 24.6231 24.4485 
11.3563 24.6942 24.5151 
11.3498 24.7652 24.5816 
11.3433 24.8362 24.6482 
11.3369 24.9073 24.7147 
11.3304 24.9783 24.7813 
11.3239 25.0493 24.8478 
11.3174 25.1204 24.9144 
11.3109 25.1914 24.9809 
11.3044 25.2624 25.0475 
11.2979 25.3335 25.114 
11.2914 25.4045 25.1805 
11.2849 25.4755 25.2471 
11.2784 25.5466 25.3136 
11.2719 25.6176 25.3802 
11.2654 25.6886 25.4467 
11.2589 25.7597 25.5133 
11.2524 25.8307 25.5798 
11.2459 25.9017 25.6464 
11.2394 25.9728 25.7129 
11.2329 26.0438 25.7795 
11.2264 26.1148 25.846 
11.2199 26.1859 25.9126 
11.2134 26.2569 25.9791 
11.2069 26.3279 26.0457 
11.2004 26.399 26.1122 
11.1939 26.47 26.1788 
11.1874 26.541 26.2453 
11.1809 26.6121 26.3118 
11.1744 26.6831 26.3784 
11.1679 26.7541 26.4449 
11.1614 26.8252 26.5115 
11.1549 26.8962 26.578 
11.1484 26.9672 26.6446 
11.1419 27.0383 26.7111 
11.1354 27.1093 26.7777 
11.1289 27.1803 26.8442 
11.1224 27.2514 26.9108 
11.1159 27.3224 26.9773 
11.1094 27.3934 27.0439 
11.1029 27.4645 27.1104 
11.0964 27.5355 27.177 
11.0899 27.6065 27.2435 
11.0834 27.6776 27.31 
11.0769 27.7486 27.3766 
11.0704 27.8196 27.4431 
11.0639 27.8907 27.5097 
11.0574 27.9617 27.5762 
11.0509 28.0328 27.6428 
11.0444 28.1038 27.7093 
11.0379 28.1748 27.7759 
11.0314 28.2459 27.8424 
11.0249 28.3169 27.909 
11.0184 28.3879 27.9755 
11.0119 28.459 28.0421 
11.0054 28.53 28.1086 
10.9989 28.601 28.1752 
10.9924 28.6721 28.2417 
10.9859 28.7431 28.3083 
10.9794 28.8141 28.3748 
10.9729 28.8852 28.4413 
10.9664 28.9562 28.5079 
10.9599 29.0272 28.5744 
10.9534 29.0983 28.641 
10.9469 29.1693 28.7075 
10.9404 29.2403 28.7741 
10.9339 29.3114 28.8406 
10.9274 29.3824 28.9072 
10.9209 29.4534 28.9737 
10.9144 29.5245 29.0403 
10.9079 29.5955 29.1068 
10.9014 29.6665 29.1734 
10.8949 29.7376 29.2399 
10.8884 29.8086 29.3065 
10.8819 29.8796 29.373 
10.8754 29.9507 29.4396 
10.8689 30.0217 29.5061 
10.8624 30.0927 29.5726 
10.8559 30.1638 29.6392 
10.8494 30.2348 29.7057 
10.8429 30.3058 29.7723 
10.8364 30.3769 29.8388 
10.8299 30.4479 29.9054 
10.8234 30.5189 29.9719 
10.8169 30.59 30.0385 
10.8104 30.661 30.105 
10.8039 30.732 30.1716 
10.7974 30.8031 30.2381 
10.7909 30.8741 30.3047 
10.7844 30.9451 30.3712 
10.7779 31.0162 30.4378 
10.7714 31.0872 30.5043 
10.7649 31.1582 30.5709 
10.7584 31.2293 30.6374 
10.7519 31.3003 30.7039 
10.7454 31.3713 30.7705 
10.7389 31.4424 30.837 
10.7324 31.5134 30.9036 
10.7259 31.5844 30.9701 
10.7194 31.6555 31.0367 
10.7129 31.7265 31.1032 
10.7065 31.7975 31.1698 
10.7 31.8686 31.2363 
10.6935 31.9396 31.3029 
10.687 32.0106 31.3694 
10.6805 32.0817 31.436 
10.674 32.1527 31.5025 
10.6675 32.2237 31.5691 
10.661 32.2948 31.6356 
10.6545 32.3658 31.7021 
10.648 32.4368 31.7687 
10.6415 32.5079 31.8352 
10.635 32.5789 31.9018 
10.6285 32.6499 31.9683 
10.622 32.721 32.0349 
10.6155 32.792 32.1014 
10.609 32.863 32.168 
10.6025 32.9341 32.2345 
10.596 33.0051 32.3011 
10.5895 33.0761 32.3676 
10.583 33.1472 32.4342 
10.5765 33.2182 32.5007 
10.57 33.2892 32.5673 
10.5635 33.3603 32.6338 
10.557 33.4313 32.7004 
10.5505 33.5023 32.7669 
10.544 33.5734 32.8334 
10.5375 33.6444 32.9 
10.531 33.7154 32.9665 
10.5245 33.7865 33.0331 
10.518 33.8575 33.0996 
10.5115 33.9285 33.1662 
10.505 33.9996 33.2327 
10.4985 34.0706 33.2993 
10.492 34.1416 33.3658 
10.4855 34.2127 33.4324 
10.479 34.2837 33.4989 
10.4725 34.3547 33.5655 
10.466 34.4258 33.632 
10.4595 34.4968 33.6986 
10.453 34.5678 33.7651 
10.4465 34.6389 33.8317 
10.44 34.7099 33.8982 
10.4335 34.7809 33.9647 
10.427 34.852 34.0313 
10.4205 34.923 34.0978 
10.414 34.994 34.1644 
10.4075 35.0651 34.2309 
10.401 35.1361 34.2975 
10.3945 35.2071 34.364 
10.388 35.2782 34.4306 
10.3815 35.3492 34.4971 
10.375 35.4202 34.5637 
10.3685 35.4913 34.6302 
10.362 35.5623 34.6968 
10.3555 35.6333 34.7633 
10.349 35.7044 34.8299 
10.3425 35.7754 34.8964 
10.336 35.8464 34.963 
10.3295 35.9175 35.0295 
10.323 35.9885 35.096 
10.3165 36.0595 35.1626 
10.31 36.1306 35.2291 
10.3035 36.2016 35.2957 
10.297 36.2726 35.3622 
10.2905 36.3437 35.4288 
10.284 36.4147 35.4953 
10.2775 36.4857 35.5619 
10.271 36.5568 35.6284 
10.2645 36.6278 35.695 
10.258 36.6988 35.7615 
10.2515 36.7699 35.8281 
10.245 36.8409 35.8946 
10.2385 36.9119 35.9612 
10.232 36.983 36.0277 
10.2255 37.054 36.0942 
10.219 37.125 36.1608 
10.2125 37.1961 36.2273 
10.206 37.2671 36.2939 
10.1995 37.3381 36.3604 
10.193 37.4092 36.427 
10.1865 37.4802 36.4935 
10.18 37.5512 36.5601 
10.1735 37.6223 36.6266 
10.167 37.6933 36.6932 
10.1605 37.7643 36.7597 
10.154 37.8354 36.8263 
10.1475 37.9064 36.8928 
10.141 37.9774 36.9594 
10.1345 38.0485 37.0259 
10.128 38.1195 37.0925 
10.1215 38.1905 37.159 
10.115 38.2616 37.2255 
10.1085 38.3326 37.2921 
10.102 38.4036 37.3586 
10.0955 38.4747 37.4252 
10.089 38.5457 37.4917 
10.0825 38.6167 37.5583 
10.0761 38.6878 37.6248 
10.0696 38.7588 37.6914 
10.0631 38.8298 37.7579 
10.0566 38.9009 37.8245 
10.0501 38.9719 37.891 
10.0436 39.0429 37.9576 
10.0371 39.114 38.0241 
10.0306 39.185 38.0907 
10.0241 39.256 38.1572 
10.0176 39.3271 38.2238 
10.0111 39.3981 38.2903 
10.0046 39.4691 38.3568 
9.99806 39.5402 38.4234 
9.99156 39.6112 38.4899 
9.98506 39.6822 38.5565 
9.97857 39.7533 38.623 
9.97207 39.8243 38.6896 
9.96557 39.8953 38.7561 
9.95907 39.9664 38.8227 
9.95257 40.0374 38.8892 
9.94607 40.1084 38.9558 
9.93957 40.1795 39.0223 
9.93307 40.2505 39.0889 
9.92657 40.3215 39.1554 
9.92007 40.3926 39.222 
9.91358 40.4636 39.2885 
9.90708 40.5346 39.3551 
9.90058 40.6057 39.4216 
9.89408 40.6767 39.4881 
9.88758 40.7477 39.5547 
9.88108 40.8188 39.6212 
9.87458 40.8898 39.6878 
9.86808 40.9608 39.7543 
9.86158 41.0319 39.8209 
9.85508 41.1029 39.8874 
9.84859 41.1739 39.954 
9.84209 41.245 40.0205 
9.83559 41.316 40.0871 
9.82909 41.387 40.1536 
9.82259 41.4581 40.2202 
9.81609 41.5291 40.2867 
9.80959 41.6001 40.3533 
9.80309 41.6712 40.4198 
9.79659 41.7422 40.4863 
9.7901 41.8132 40.5529 
9.7836 41.8843 40.6194 
9.7771 41.9553 40.686 
9.7706 42.0263 40.7525 
9.7641 42.0974 40.8191 
9.7576 42.1684 40.8856 
9.7511 42.2394 40.9522 
9.7446 42.3105 41.0187 
9.7381 42.3815 41.0853 
9.7316 42.4525 41.1518 
9.72511 42.5236 41.2184 
9.71861 42.5946 41.2849 
9.71211 42.6656 41.3515 
9.70561 42.7367 41.418 
9.69911 42.8077 41.4846 
9.69261 42.8787 41.5511 
9.68611 42.9498 41.6176 
9.67961 43.0208 41.6842 
9.67311 43.0918 41.7507 
9.66661 43.1629 41.8173 
9.66012 43.2339 41.8838 
9.65362 43.3049 41.9504 
9.64712 43.376 42.0169 
9.64062 43.447 42.0835 
9.63412 43.518 42.15 
9.62762 43.5891 42.2166 
9.62112 43.6601 42.2831 
9.61462 43.7311 42.3497 
9.60812 43.8022 42.4162 
9.60163 43.8732 42.4828 
9.59513 43.9442 42.5493 
9.58863 44.0153 42.6159 
9.58213 44.0863 42.6824 
9.57563 44.1573 42.7489 
9.56913 44.2284 42.8155 
9.56263 44.2994 42.882 
9.55613 44.3704 42.9486 
9.54963 44.4415 43.0151 
9.54313 44.5125 43.0817 
9.53664 44.5835 43.1482 
9.53014 44.6546 43.2148 
9.52364 44.7256 43.2813 
9.51714 44.7966 43.3479 
9.51064 44.8677 43.4144 
9.50414 44.9387 43.481 
9.49764 45.0097 43.5475 
9.49114 45.0808 43.6141 
9.48464 45.1518 43.6806 
9.47814 45.2228 43.7472 
9.47165 45.2939 43.8137 
9.46515 45.3649 43.8802 
9.45865 45.4359 43.9468 
9.45215 45.507 44.0133 
9.44565 45.578 44.0799 
9.43915 45.649 44.1464 
9.43265 45.7201 44.213 
9.42615 45.7911 44.2795 
9.41965 45.8621 44.3461 
9.41315 45.9332 44.4126 
9.40666 46.0042 44.4792 
9.40016 46.0752 44.5457 
9.39366 46.1463 44.6123 
9.38716 46.2173 44.6788 
9.38066 46.2883 44.7454 
9.37416 46.3594 44.8119 
9.36766 46.4304 44.8784 
9.36116 46.5014 44.945 
9.35466 46.5725 45.0115 
9.34817 46.6435 45.0781 
9.34167 46.7145 45.1446 
9.33517 46.7856 45.2112 
9.32867 46.8566 45.2777 
9.32217 46.9276 45.3443 
9.31567 46.9987 45.4108 
9.30917 47.0697 45.4774 
9.30267 47.1407 45.5439 
9.29617 47.2118 45.6105 
9.28967 47.2828 45.677 
9.28318 47.3538 45.7436 
9.27668 47.4249 45.8101 
9.27018 47.4959 45.8767 
9.26368 47.5669 45.9432 
9.25718 47.638 46.0097 
9.25068 47.709 46.0763 
9.24418 47.78 46.1428 
9.23768 47.8511 46.2094 
9.23118 47.9221 46.2759 
9.22468 47.9931 46.3425 
9.21819 48.0642 46.409 
9.21169 48.1352 46.4756 
9.20519 48.2062 46.5421 
9.19869 48.2773 46.6087 
9.19219 48.3483 46.6752 
9.18569 48.4193 46.7418 
9.17919 48.4904 46.8083 
9.17269 48.5614 46.8749 
9.16619 48.6324 46.9414 
9.15969 48.7035 47.008 
9.1532 48.7745 47.0745 
9.1467 48.8455 47.141 
9.1402 48.9166 47.2076 
9.1337 48.9876 47.2741 
9.1272 49.0586 47.3407 
9.1207 49.1297 47.4072 
9.1142 49.2007 47.4738 
9.1077 49.2717 47.5403 
9.1012 49.3428 47.6069 
9.09471 49.4138 47.6734 
9.08821 49.4848 47.74 
9.08171 49.5559 47.8065 
9.07521 49.6269 47.8731 
9.06871 49.6979 47.9396 
9.06221 49.769 48.0062 
9.05571 49.84 48.0727 
9.04921 49.911 48.1393 
9.04271 49.9821 48.2058 
9.03621 50.0531 48.2723 
9.02972 50.1241 48.3389 
9.02322 50.1952 48.4054 
9.01672 50.2662 48.472 
9.01022 50.3372 48.5385 
9.00372 50.4083 48.6051 
8.99722 50.4793 48.6716 
8.99072 50.5503 48.7382 
8.98422 50.6214 48.8047 
8.97772 50.6924 48.8713 
8.97122 50.7634 48.9378 
8.96473 50.8345 49.0044 
8.95823 50.9055 49.0709 
8.95173 50.9765 49.1375 
8.94523 51.0476 49.204 
8.93873 51.1186 49.2705 
8.93223 51.1896 49.3371 
8.92573 51.2607 49.4036 
8.91923 51.3317 49.4702 
8.91273 51.4027 49.5367 
8.90623 51.4738 49.6033 
8.89974 51.5448 49.6698 
8.89324 51.6158 49.7364 
8.88674 51.6869 49.8029 
8.88024 51.7579 49.8695 
8.87374 51.8289 49.936 
8.86724 51.9 50.0026 
8.86074 51.971 50.0691 
8.85424 52.042 50.1357 
8.84774 52.1131 50.2022 
8.84125 52.1841 50.2688 
8.83475 52.2551 50.3353 
8.82825 52.3262 50.4018 
8.82175 52.3972 50.4684 
8.81525 52.4682 50.5349 
8.80875 52.5393 50.6015 
8.80225 52.6103 50.668 
8.79575 52.6813 50.7346 
8.78925 52.7524 50.8011 
8.78275 52.8234 50.8677 
8.77626 52.8944 50.9342 
8.76976 52.9655 51.0008 
8.76326 53.0365 51.0673 
8.75676 53.1076 51.1339 
8.75026 53.1786 51.2004 
8.74376 53.2496 51.267 
8.73726 53.3207 51.3335 
8.73076 53.3917 51.4001 
8.72426 53.4627 51.4666 
8.71776 53.5338 51.5331 
8.71127 53.6048 51.5997 
8.70477 53.6758 51.6662 
8.69827 53.7469 51.7328 
8.69177 53.8179 51.7993 
8.68527 53.8889 51.8659 
8.67877 53.96 51.9324 
8.67227 54.031 51.999 
8.66577 54.102 52.0655 
8.65927 54.1731 52.1321 
8.65277 54.2441 52.1986 
8.64628 54.3151 52.2652 
8.63978 54.3862 52.3317 
8.63328 54.4572 52.3983 
8.62678 54.5282 52.4648 
8.62028 54.5993 52.5314 
8.61378 54.6703 52.5979 
8.60728 54.7413 52.6644 
8.60078 54.8124 52.731 
8.59428 54.8834 52.7975 
8.58779 54.9544 52.8641 
8.58129 55.0255 52.9306 
8.57479 55.0965 52.9972 
8.56829 55.1675 53.0637 
8.56179 55.2386 53.1303 
8.55529 55.3096 53.1968 
8.54879 55.3806 53.2634 
8.54229 55.4517 53.3299 
8.53579 55.5227 53.3965 
8.52929 55.5937 53.463 
8.5228 55.6648 53.5296 
8.5163 55.7358 53.5961 
8.5098 55.8068 53.6626 
8.5033 55.8779 53.7292 
8.4968 55.9489 53.7957 
8.4903 56.0199 53.8623 
8.4838 56.091 53.9288 
8.4773 56.162 53.9954 
8.4708 56.233 54.0619 
8.4643 56.3041 54.1285 
8.45781 56.3751 54.195 
8.45131 56.4461 54.2616 
8.44481 56.5172 54.3281 
8.43831 56.5882 54.3947 
8.43181 56.6592 54.4612 
8.42531 56.7303 54.5278 
8.41881 56.8013 54.5943 
8.41231 56.8723 54.6609 
8.40581 56.9434 54.7274 
8.39932 57.0144 54.7939 
8.39282 57.0854 54.8605 
8.38632 57.1565 54.927 
8.37982 57.2275 54.9936 
8.37332 57.2985 55.0601 
8.36682 57.3696 55.1267 
8.36032 57.4406 55.1932 
8.35382 57.5116 55.2598 
8.34732 57.5827 55.3263 
8.34082 57.6537 55.3929 
8.33433 57.7247 55.4594 
8.32783 57.7958 55.526 
8.32133 57.8668 55.5925 
8.31483 57.9378 55.6591 
8.30833 58.0089 55.7256 
8.30183 58.0799 55.7922 
8.29533 58.1509 55.8587 
8.28883 58.222 55.9252 
8.28233 58.293 55.9918 
8.27583 58.364 56.0583 
8.26934 58.4351 56.1249 
8.26284 58.5061 56.1914 
8.25634 58.5771 56.258 
8.24984 58.6482 56.3245 
8.24334 58.7192 56.3911 
8.23684 58.7902 56.4576 
8.23034 58.8613 56.5242 
8.22384 58.9323 56.5907 
8.21734 59.0033 56.6573 
8.21084 59.0744 56.7238 
8.20435 59.1454 56.7904 
8.19785 59.2164 56.8569 
8.19135 59.2875 56.9235 
8.18485 59.3585 56.99 
8.17835 59.4295 57.0565 
8.17185 59.5006 57.1231 
8.16535 59.5716 57.1896 
8.15885 59.6426 57.2562 
8.15235 59.7137 57.3227 
8.14586 59.7847 57.3893 
8.13936 59.8557 57.4558 
8.13286 59.9268 57.5224 
8.12636 59.9978 57.5889 
8.11986 60.0688 57.6555 
8.11336 60.1399 57.722 
8.10686 60.2109 57.7886 
8.10036 60.2819 57.8551 
8.09386 60.353 57.9217 
8.08736 60.424 57.9882 
8.08087 60.495 58.0547 
8.07437 60.5661 58.1213 
8.06787 60.6371 58.1878 
8.06137 60.7081 58.2544 
8.05487 60.7792 58.3209 
8.04837 60.8502 58.3875 
8.04187 60.9212 58.454 
8.03537 60.9923 58.5206 
8.02887 61.0633 58.5871 
8.02237 61.1343 58.6537 
8.01588 61.2054 58.7202 
8.00938 61.2764 58.7868 
8.00288 61.3474 58.8533 
7.99638 61.4185 58.9199 
7.98988 61.4895 58.9864 
7.98338 61.5605 59.053 
7.97688 61.6316 59.1195 
7.97038 61.7026 59.186 
7.96388 61.7736 59.2526 
7.95738 61.8447 59.3191 
7.95089 61.9157 59.3857 
7.94439 61.9867 59.4522 
7.93789 62.0578 59.5188 
7.93139 62.1288 59.5853 
7.92489 62.1998 59.6519 
7.91839 62.2709 59.7184 
7.91189 62.3419 59.785 
7.90539 62.4129 59.8515 
7.89889 62.484 59.9181 
7.8924 62.555 59.9846 
7.8859 62.626 60.0512 
7.8794 62.6971 60.1177 
7.8729 62.7681 60.1843 
7.8664 62.8391 60.2508 
7.8599 62.9102 60.3173 
7.8534 62.9812 60.3839 
7.8469 63.0522 60.4504 
7.8404 63.1233 60.517 
7.8339 63.1943 60.5835 
7.82741 63.2653 60.6501 
7.82091 63.3364 60.7166 
7.81441 63.4074 60.7832 
7.80791 63.4784 60.8497 
7.80141 63.5495 60.9163 
7.79491 63.6205 60.9828 
7.78841 63.6915 61.0494 
7.78191 63.7626 61.1159 
7.77541 63.8336 61.1825 
7.76891 63.9046 61.249 
7.76242 63.9757 61.3156 
7.75592 64.0467 61.3821 
7.74942 64.1177 61.4486 
7.74292 64.1888 61.5152 
7.73642 64.2598 61.5817 
7.72992 64.3308 61.6483 
7.72342 64.4019 61.7148 
7.71692 64.4729 61.7814 
7.71042 64.5439 61.8479 
7.70392 64.615 61.9145 
7.69743 64.686 61.981 
7.69093 64.757 62.0476 
7.68443 64.8281 62.1141 
7.67793 64.8991 62.1807 
7.67143 64.9701 62.2472 
7.66493 65.0412 62.3138 
7.65843 65.1122 62.3803 
7.65193 65.1832 62.4468 
7.64543 65.2543 62.5134 
7.63894 65.3253 62.5799 
7.63244 65.3963 62.6465 
7.62594 65.4674 62.713 
7.61944 65.5384 62.7796 
7.61294 65.6094 62.8461 
7.60644 65.6805 62.9127 
7.59994 65.7515 62.9792 
7.59344 65.8225 63.0458 
7.58694 65.8936 63.1123 
7.58044 65.9646 63.1789 
7.57395 66.0356 63.2454 
7.56745 66.1067 63.312 
7.56095 66.1777 63.3785 
7.55445 66.2487 63.4451 
7.54795 66.3198 63.5116 
7.54145 66.3908 63.5781 
7.53495 66.4618 63.6447 
7.52845 66.5329 63.7112 
7.52195 66.6039 63.7778 
7.51545 66.6749 63.8443 
7.50896 66.746 63.9109 
7.50246 66.817 63.9774 
7.49596 66.888 64.044 
7.48946 66.9591 64.1105 
7.48296 67.0301 64.1771 
7.47646 67.1011 64.2436 
7.46996 67.1722 64.3102 
7.46346 67.2432 64.3767 
7.45696 67.3142 64.4433 
7.45047 67.3853 64.5098 
7.44397 67.4563 64.5764 
7.43747 67.5273 64.6429 
7.43097 67.5984 64.7094 
7.42447 67.6694 64.776 
7.41797 67.7404 64.8425 
7.41147 67.8115 64.9091 
7.40497 67.8825 64.9756 
7.39847 67.9535 65.0422 
7.39197 68.0246 65.1087 
7.38548 68.0956 65.1753 
7.37898 68.1666 65.2418 
7.37248 68.2377 65.3084 
7.36598 68.3087 65.3749 
7.35948 68.3797 65.4415 
7.35298 68.4508 65.508 
7.34648 68.5218 65.5746 
7.33998 68.5928 65.6411 
7.33348 68.6639 65.7077 
7.32698 68.7349 65.7742 
7.32049 68.8059 65.8407 
7.31399 68.877 65.9073 
7.30749 68.948 65.9738 
7.30099 69.019 66.0404 
7.29449 69.0901 66.1069 
7.28799 69.1611 66.1735 
7.28149 69.2321 66.24 
7.27499 69.3032 66.3066 
7.26849 69.3742 66.3731 
7.26199 69.4452 66.4397 
7.2555 69.5163 66.5062 
7.249 69.5873 66.5728 
7.2425 69.6583 66.6393 
7.236 69.7294 66.7059 
7.2295 69.8004 66.7724 
7.223 69.8714 66.8389 
7.2165 69.9425 66.9055 
7.21 70.0135 66.972 
7.2035 70.0845 67.0386 
7.19701 70.1556 67.1051 
7.19051 70.2266 67.1717 
7.18401 70.2976 67.2382 
7.17751 70.3687 67.3048 
7.17101 70.4397 67.3713 
7.16451 70.5107 67.4379 
7.15801 70.5818 67.5044 
7.15151 70.6528 67.571 
7.14501 70.7238 67.6375 
7.13851 70.7949 67.7041 
7.13202 70.8659 67.7706 
7.12552 70.9369 67.8372 
7.11902 71.008 67.9037 
7.11252 71.079 67.9702 
7.10602 71.15 68.0368 
7.09952 71.2211 68.1033 
7.09302 71.2921 68.1699 
7.08652 71.3631 68.2364 
7.08002 71.4342 68.303 
7.07352 71.5052 68.3695 
7.06703 71.5762 68.4361 
7.06053 71.6473 68.5026 
7.05403 71.7183 68.5692 
7.04753 71.7893 68.6357 
