0.574484 0.564028 -0.593161 
0.553557 0.58458 -0.593161 
0.52765 0.608067 -0.593161 
0.496989 0.633374 -0.593161 
0.462018 0.659318 -0.593161 
0.423365 0.684779 -0.593161 
0.381782 0.708803 -0.593161 
0.338073 0.730662 -0.593161 
0.293026 0.749864 -0.593161 
0.247356 0.766143 -0.593161 
0.201675 0.779415 -0.593161 
0.156474 0.789731 -0.593161 
0.112126 0.797238 -0.593161 
0.0688963 0.80213 -0.593161 
0.0269609 0.804632 -0.593161 
-0.0135761 0.804969 -0.593161 
-0.0526656 0.803359 -0.593161 
-0.0902982 0.800004 -0.593161 
-0.126493 0.795085 -0.593161 
-0.161287 0.788763 -0.593161 
-0.19473 0.781179 -0.593161 
-0.226878 0.772455 -0.593161 
-0.257787 0.762696 -0.593161 
-0.287517 0.751993 -0.593161 
-0.316122 0.740423 -0.593161 
-0.343656 0.728053 -0.593161 
-0.370168 0.714938 -0.593161 
-0.395703 0.701127 -0.593161 
-0.420301 0.686664 -0.593161 
-0.444 0.671583 -0.593161 
-0.466831 0.655918 -0.593161 
-0.488824 0.639696 -0.593161 
-0.510002 0.622943 -0.593161 
-0.530387 0.605681 -0.593161 
-0.549998 0.58793 -0.593161 
-0.56885 0.56971 -0.593161 
-0.586955 0.551039 -0.593161 
-0.604324 0.531933 -0.593161 
-0.620965 0.512409 -0.593161 
-0.636884 0.492482 -0.593161 
-0.652086 0.472169 -0.593161 
-0.666574 0.451485 -0.593161 
-0.680351 0.430445 -0.593161 
-0.693416 0.409066 -0.593161 
-0.705769 0.387362 -0.593161 
-0.717411 0.365351 -0.593161 
-0.728339 0.343048 -0.593161 
-0.738551 0.320471 -0.593161 
-0.748046 0.297637 -0.593161 
-0.756819 0.274562 -0.593161 
-0.76487 0.251265 -0.593161 
-0.772194 0.227765 -0.593161 
-0.778788 0.204079 -0.593161 
-0.784651 0.180228 -0.593161 
-0.78978 0.156229 -0.593161 
-0.794172 0.132104 -0.593161 
-0.797824 0.107871 -0.593161 
-0.800737 0.083552 -0.593161 
-0.802907 0.0591666 -0.593161 
-0.804334 0.0347358 -0.593161 
-0.805018 0.0102806 -0.593161 
-0.804959 -0.0141778 -0.593161 
-0.804157 -0.0386179 -0.593161 
-0.802614 -0.0630184 -0.593161 
-0.80033 -0.0873577 -0.593161 
-0.797309 -0.111614 -0.593161 
-0.793554 -0.135766 -0.593161 
-0.789067 -0.159792 -0.593161 
-0.783853 -0.183669 -0.593161 
-0.777917 -0.207378 -0.593161 
-0.771264 -0.230895 -0.593161 
-0.763899 -0.2542 -0.593161 
-0.755831 -0.277271 -0.593161 
-0.747066 -0.300088 -0.593161 
-0.737611 -0.322629 -0.593161 
-0.727477 -0.344873 -0.593161 
-0.716671 -0.366801 -0.593161 
-0.705204 -0.388391 -0.593161 
-0.693086 -0.409624 -0.593161 
-0.680328 -0.430481 -0.593161 
-0.666942 -0.450942 -0.593161 
-0.65294 -0.470988 -0.593161 
-0.638335 -0.4906 -0.593161 
-0.62314 -0.509761 -0.593161 
-0.60737 -0.528453 -0.593161 
-0.591038 -0.546657 -0.593161 
-0.57416 -0.564358 -0.593161 
-0.556752 -0.581539 -0.593161 
-0.538828 -0.598184 -0.593161 
-0.520407 -0.614277 -0.593161 
-0.501505 -0.629804 -0.593161 
-0.482139 -0.64475 -0.593161 
-0.462327 -0.659101 -0.593161 
-0.442088 -0.672843 -0.593161 
-0.42144 -0.685965 -0.593161 
-0.400402 -0.698454 -0.593161 
-0.378993 -0.710298 -0.593161 
-0.357235 -0.721487 -0.593161 
-0.335145 -0.732009 -0.593161 
-0.312746 -0.741856 -0.593161 
-0.290058 -0.751017 -0.593161 
