-0.997495 -0.070738 1 
-0.989992 -0.141122 1 
-0.97753 -0.210798 1 
-0.960169 -0.279418 1 
-0.937999 -0.346639 1 
-0.911128 -0.412123 1 
-0.879693 -0.475542 1 
-0.843851 -0.536578 1 
-0.80378 -0.594926 1 
-0.759683 -0.650294 1 
-0.711779 -0.702403 1 
-0.66031 -0.750993 1 
-0.605532 -0.795821 1 
-0.54772 -0.836662 1 
-0.487164 -0.87331 1 
-0.424168 -0.905584 1 
-0.359046 -0.93332 1 
-0.292126 -0.95638 1 
-0.223741 -0.974649 1 
-0.154236 -0.988034 1 
-0.0839584 -0.996469 1 
-0.0132599 -0.999912 1 
0.0575051 -0.998345 1 
0.127982 -0.991777 1 
0.197818 -0.980239 1 
0.266662 -0.96379 1 
0.334171 -0.942513 1 
0.400005 -0.916513 1 
0.463835 -0.885922 1 
0.525342 -0.850891 1 
0.584216 -0.811598 1 
0.640163 -0.768239 1 
0.692903 -0.721031 1 
0.742172 -0.67021 1 
0.787722 -0.616031 1 
0.829325 -0.558766 1 
0.866774 -0.498702 1 
0.89988 -0.436139 1 
0.928477 -0.37139 1 
0.952422 -0.304781 1 
0.971596 -0.236646 1 
0.985902 -0.167324 1 
0.995268 -0.0971641 1 
0.999648 -0.0265175 1 
0.99902 0.044262 1 
0.993386 0.11482 1 
0.982776 0.184802 1 
0.967241 0.253859 1 
0.946861 0.321644 1 
0.921736 0.387817 1 
0.891994 0.452047 1 
0.857783 0.514013 1 
0.819274 0.573403 1 
0.77666 0.62992 1 
0.730155 0.683281 1 
0.679992 0.733219 1 
0.626422 0.779484 1 
0.569714 0.821843 1 
0.510151 0.860085 1 
0.448033 0.894017 1 
0.383669 0.923471 1 
0.317384 0.948297 1 
0.249508 0.968373 1 
0.180382 0.983597 1 
0.110353 0.993892 1 
0.0397704 0.999209 1 
-0.0310112 0.999519 1 
-0.101637 0.994822 1 
-0.171755 0.98514 1 
-0.241011 0.970522 1 
-0.30906 0.951043 1 
-0.375561 0.926798 1 
-0.44018 0.89791 1 
-0.502593 0.864523 1 
-0.562489 0.826805 1 
-0.619566 0.784944 1 
-0.67354 0.739151 1 
-0.724138 0.689655 1 
-0.771109 0.636703 1 
-0.814217 0.580561 1 
-0.853245 0.521511 1 
-0.887998 0.459848 1 
-0.918302 0.395881 1 
-0.944005 0.32993 1 
-0.964979 0.262327 1 
-0.981118 0.193409 1 
-0.992342 0.123522 1 
-0.998594 0.0530163 1 
-0.999842 -0.017755 1 
-0.996082 -0.0884373 1 
-0.987331 -0.158677 1 
-0.973633 -0.228121 1 
-0.955057 -0.296422 1 
-0.931696 -0.363238 1 
-0.903668 -0.428235 1 
-0.871111 -0.491086 1 
-0.834191 -0.551476 1 
-0.793091 -0.609104 1 
-0.748017 -0.663679 1 
-0.699196 -0.71493 1 
-0.646872 -0.762599 1 
